398 437 460 557 590 641 727 859 922 1296 1322 1438 1512 1571 1845 2036 2861 3117 3656 3751 4310 4546 4891 
33 85 293 393 584 668 687 826 922 1826 2286 2974 3265 3309 3323 3394 3426 3472 3617 3892 3966 3981 4065 4115 4145 4184 4345 4811 
55 80 109 157 258 292 351 437 599 657 713 874 1077 1101 1108 1155 1216 1338 1574 1931 1963 2093 2149 2500 2870 2883 2896 3012 3019 3175 3197 3275 3280 3415 3541 3583 3585 3772 3906 4060 4107 4161 4235 4419 4519 4590 4656 4869 4893 
43 80 116 163 177 200 257 264 410 519 572 598 644 676 701 893 976 1017 1025 1101 1146 1268 1316 1432 1458 1534 1536 1619 1659 1681 1716 1790 1829 1866 1932 2030 2101 2134 2159 2242 2257 2262 2344 2347 2356 2367 2415 2440 2533 2587 2681 2782 2836 2838 3091 3132 3261 3319 3349 3535 3621 3702 3853 3864 3962 4001 4028 4073 4107 4169 4263 4387 4460 4475 4605 4657 4744 4884 4983 
93 430 512 554 727 1005 1022 1069 1148 1536 1762 2548 3047 3144 3376 3668 3830 3981 4014 4079 4333 4519 4657 
249 365 397 646 804 866 1042 1074 1095 1124 1178 1364 1539 1573 1747 1868 1971 1974 2027 2364 2366 2403 2440 2527 2552 2557 2781 2962 3327 3376 3534 3685 3943 4072 4209 4357 4461 4711 4928 
48 186 231 292 308 402 472 754 1216 1386 1387 1578 1697 1868 1986 2137 2242 2602 2658 2695 2741 2742 3638 3770 3906 3930 4103 4141 4293 4438 4517 4554 4585 4645 4726 4846 4907 
1 11 60 203 237 296 341 368 397 421 461 462 663 707 738 754 780 804 843 866 869 900 956 961 1025 1053 1146 1148 1197 1210 1320 1384 1528 1605 1615 1623 1672 1702 1915 1941 1985 1992 2008 2064 2077 2088 2125 2148 2172 2230 2262 2282 2318 2375 2470 2503 2643 2658 2792 2846 2867 2981 3000 3022 3283 3300 3536 3569 3585 3618 3653 3785 3812 3912 3919 3966 4100 4193 4278 4297 4359 4370 4418 4487 4509 4512 4536 4562 4665 4735 4941 4982 4984 
44 172 192 254 352 356 404 546 727 841 933 976 1048 1062 1090 1140 1216 1322 1380 1386 1427 1549 1623 1778 1818 1910 2248 2546 2788 2843 3050 3063 3151 3188 3199 3227 3241 3340 3542 3548 3792 3884 4020 4106 4155 4329 4462 4602 4713 4774 4906 4957 
14 105 120 203 210 251 298 325 353 451 469 532 633 812 909 959 1006 1024 1149 1156 1270 1388 1441 1465 1490 1518 1623 1734 2343 2441 2495 2543 2593 2828 2855 3086 3114 3176 3239 3359 3443 3475 3561 3597 3654 3655 3734 3750 3842 3937 3943 4003 4083 4158 4326 4388 4492 4639 4827 4974 4993 
28 163 182 196 288 370 424 623 644 696 740 754 898 956 1002 1024 1072 1077 1084 1146 1203 1225 1247 1307 1385 1395 1414 1481 1534 1578 1649 1687 1710 1712 1713 1868 1872 1927 1980 2008 2063 2118 2173 2192 2261 2322 2353 2373 2564 2631 2786 2802 2936 3067 3068 3081 3091 3117 3118 3133 3151 3227 3232 3289 3304 3322 3469 3529 3607 3647 3693 3738 3764 3820 4011 4115 4247 4326 4328 4438 4504 4536 4611 4630 4644 4665 4687 4699 4848 4905 4954 4991 
199 769 823 1073 1260 1452 1697 1885 1902 2127 2281 2555 2587 2617 2801 3089 3264 3768 3862 4050 4232 4492 4557 
4 47 69 119 147 325 352 407 450 545 604 717 720 738 752 783 810 816 829 831 934 951 958 1008 1060 1146 1169 1242 1295 1342 1385 1450 1459 1485 1697 1713 1722 1735 1854 1909 1974 2130 2148 2199 2262 2398 2619 2656 2687 2851 2893 3020 3030 3064 3193 3238 3265 3294 3305 3368 3474 3476 3523 3581 3684 3717 3833 3850 4001 4027 4066 4094 4111 4126 4222 4484 4632 4735 4777 4806 4853 4878 4925 4999 
197 581 657 674 710 796 832 1332 1334 1594 1687 1808 1979 2241 2268 2286 2367 2412 2466 2512 2523 3060 3351 3419 3427 3721 3844 3875 3948 4048 4246 4473 
68 237 268 370 437 484 491 736 831 835 844 890 984 1023 1024 1035 1148 1160 1295 1502 1503 1574 1621 1658 1735 1865 2008 2090 2154 2172 2179 2189 2258 2262 2340 2449 2465 2490 2512 2594 2616 2707 2747 2779 2830 2887 2977 2978 3049 3459 3609 3612 3642 3853 3883 3942 3943 4093 4096 4109 4124 4154 4200 4310 4464 4536 4544 4591 4602 4667 4771 4826 4832 4891 4923 4934 
75 212 242 386 429 443 607 765 1041 1133 1255 1561 1836 2179 2452 2632 2992 3087 3114 3268 3590 3720 3914 3959 4055 4209 4311 4419 4549 4554 4832 4956 
377 508 523 642 874 943 969 976 979 1133 1154 1190 1586 1606 1919 2248 2347 2394 2417 2441 2733 2830 3073 3108 3144 3268 3345 3578 3611 4079 4362 4419 4468 4645 4646 4712 4819 4853 4941 
80 209 429 527 865 975 1106 1501 1778 1813 2199 2437 2448 2526 3046 3701 3853 4024 4094 4253 4272 4279 4459 4580 
121 140 216 335 489 976 1084 1362 1452 1510 1530 1740 2005 2454 2678 2737 2741 3014 3303 3354 3356 3530 3732 3780 3840 4158 4562 
135 183 390 724 874 923 1148 1199 1239 1294 1366 1877 2318 2348 2647 2658 2697 3191 3207 3416 3951 4219 4440 4577 4809 
34 37 88 93 173 335 383 503 717 744 992 1053 1087 1092 1104 1198 1378 1446 1560 1623 1634 1767 1791 1800 1827 1829 1842 1858 1945 1976 1987 2024 2088 2160 2187 2286 2299 2394 2417 2440 2535 2544 2546 2548 2763 2857 2965 2980 3019 3073 3168 3170 3188 3308 3322 3348 3431 3462 3526 3545 3666 3672 3734 3947 3973 3985 4007 4066 4083 4108 4129 4142 4204 4286 4413 4832 4868 4918 
1 5 370 655 720 790 958 988 1068 1147 1339 1559 2020 2125 2226 2245 2248 2477 2650 2757 2782 2931 2956 3084 3160 3174 3517 3578 3590 3702 3722 3730 3739 3797 3867 4173 4320 4354 4495 4717 4832 
6 46 55 113 143 216 333 421 564 623 686 705 738 801 816 964 1072 1077 1093 1133 1180 1204 1256 1302 1319 1383 1388 1427 1578 1599 1632 1687 1875 2012 2013 2127 2141 2281 2328 2366 2367 2379 2466 2577 2637 2740 2779 2812 2835 2944 3014 3038 3089 3144 3178 3335 3363 3388 3455 3509 3624 3674 3712 3720 3728 3840 3841 4040 4078 4167 4277 4330 4400 4425 4486 4791 4856 4967 4989 4996 
50 58 113 204 292 433 530 560 572 706 747 799 804 883 913 991 1004 1017 1021 1025 1036 1069 1082 1142 1313 1335 1357 1359 1373 1388 1422 1500 1502 1599 1705 1708 1728 1867 1875 1906 1988 2089 2125 2172 2184 2191 2309 2355 2401 2466 2548 2580 2662 2755 2789 2901 2970 2988 3014 3093 3180 3283 3455 3542 3549 3562 3616 3704 3725 3762 3931 3958 4070 4087 4126 4147 4176 4199 4279 4333 4389 4409 4425 4432 4680 4803 4889 4891 4917 4973 4977 4988 
51 132 200 233 340 350 376 408 421 939 992 1052 1077 1128 1139 1145 1193 1243 1341 1404 1465 1470 1507 1689 1696 1713 1716 1824 1830 1849 1919 1997 2010 2053 2121 2127 2288 2366 2478 2578 2637 2818 2864 2935 3060 3144 3170 3265 3268 3310 3343 3433 3498 3632 3671 3721 3744 3790 3843 3858 3966 4072 4181 4274 4278 4406 4464 4569 4689 4727 4732 4812 4859 
233 421 682 738 854 1367 1377 1689 1691 1716 1797 1852 2002 2101 2374 2537 2765 3020 3105 3133 3156 3202 3261 3392 3702 4019 4037 4191 4244 4566 4633 
429 810 1255 1334 1597 1613 1627 2215 2506 2515 2519 2842 3019 3144 3419 3483 3492 4179 4329 4532 4610 
296 361 397 449 729 757 777 852 883 889 897 1076 1084 1104 1133 1203 1303 1336 1484 1571 1588 1606 1685 1888 2305 2466 2499 2527 2741 2811 2938 2986 3157 3158 3283 3623 3627 3748 3823 3889 4094 4107 4115 4175 4266 4348 4364 4424 4438 4523 4769 4951 
55 239 558 846 1070 1222 1275 1430 1925 1952 1957 2070 2133 2191 2194 2367 2380 2512 2531 2612 3643 4050 4146 4152 4472 4495 4692 4732 4881 
92 120 207 352 422 637 735 738 747 796 814 976 992 1072 1198 1385 1465 1492 1572 1573 1606 1762 1766 1842 1978 2005 2140 2176 2255 2281 2423 2441 2461 2531 2550 2613 2769 2848 2978 2981 3053 3117 3131 3153 3176 3245 3378 3419 3421 3469 3549 3943 4007 4072 4279 4419 4583 4639 4662 4805 4827 
182 215 225 363 421 539 670 828 950 1046 1117 1212 1323 1358 1780 1822 1868 2047 2162 2185 2260 2274 2281 2308 2394 2454 2742 2848 2849 2939 3133 3150 3159 3432 3532 3578 3702 3738 3767 4304 4611 4933 
420 421 488 597 1017 1239 1577 1595 2242 2333 2939 3185 3371 3446 3720 3977 4022 4158 4191 4288 4486 4538 4639 4778 4794 
203 394 614 905 911 928 1045 1135 1295 1498 1826 1998 2377 2470 2650 2942 2945 3046 3074 3089 3159 3226 3326 3386 3397 3562 3704 3880 4066 4142 4232 4448 4776 4870 
82 106 235 973 1295 1346 1498 1979 2069 2191 2796 2942 3230 3281 3414 3434 3954 4007 4347 4766 
46 76 80 120 229 352 363 680 727 767 880 962 972 996 1010 1041 1043 1132 1146 1161 1205 1216 1295 1386 1484 1507 1666 1765 1811 1909 1974 2018 2022 2092 2103 2188 2265 2267 2275 2337 2552 2611 2650 2695 2729 2750 2762 2782 2790 2806 2896 3026 3089 3242 3296 3386 3605 3633 3664 3840 3855 3893 4071 4079 4102 4293 4352 4446 4486 4495 4532 4586 4853 4874 4901 4985 
70 71 223 260 320 532 679 683 690 719 838 846 936 956 1041 1137 1238 1285 1297 1326 1363 1454 1636 1665 1770 1825 2008 2020 2130 2400 2452 2466 2981 3019 3033 3058 3150 3176 3218 3265 3457 3730 3741 3770 3777 3792 4007 4009 4109 4209 4299 4401 4510 4513 4634 4665 4815 4875 4995 
74 102 184 245 459 610 641 699 769 793 863 904 914 922 968 1025 1027 1110 1133 1150 1152 1177 1297 1316 1365 1413 1567 1606 1612 1703 1735 1863 2179 2197 2221 2282 2294 2428 2446 2762 2788 2812 2947 2981 3022 3105 3131 3197 3324 3331 3442 3453 3698 3856 3959 4086 4131 4194 4252 4285 4299 4318 4334 4567 4602 4611 4650 4702 4853 4865 4979 5000 
99 117 120 201 340 562 866 1011 1247 1401 1515 2130 2202 2584 2851 2980 3076 3114 3204 3457 3773 3803 3891 4090 4564 4611 
36 60 231 390 435 654 710 793 928 1069 1483 1556 1876 1885 2362 2803 3127 3151 4144 4236 4367 
51 80 144 303 500 622 912 944 1025 1041 1077 1206 1250 1334 1423 1490 1546 1637 1759 1841 2140 2148 2502 2527 2661 2713 2897 2939 3133 3142 3177 3183 3500 3771 3773 3796 3813 3823 3839 3906 4028 4116 4158 4232 4325 4344 4433 4462 4904 
46 51 175 213 241 349 358 370 371 375 412 422 552 558 564 623 641 650 670 777 804 851 886 992 997 1063 1072 1170 1172 1308 1371 1500 1624 1646 1722 1889 1891 1919 1923 2031 2032 2080 2086 2225 2263 2324 2355 2470 2546 2556 2587 2725 2866 2899 2924 2929 2978 2995 3060 3077 3089 3097 3145 3151 3159 3219 3275 3373 3376 3386 3422 3441 3563 3577 3786 3866 3978 4110 4118 4128 4137 4219 4255 4270 4293 4301 4313 4464 4624 4772 4853 4854 4896 4910 4964 
1 113 514 529 534 658 693 701 710 760 768 769 1163 1276 1327 1352 1357 1453 1474 1484 1491 1507 1553 1587 1680 1709 1860 1871 2044 2088 2262 2283 2355 2364 2405 2445 2564 2642 2664 2741 2799 2819 2888 2894 2942 3069 3076 3283 3286 3398 3406 3593 3778 3817 3827 4015 4066 4126 4128 4135 4142 4235 4464 4486 4550 4563 4665 4701 4718 4842 4843 4891 4964 
340 422 425 623 638 770 1003 1089 1429 1502 1586 1796 2048 2355 2366 2889 3087 3159 3229 3795 4028 4279 4537 4982 
81 92 175 196 233 292 456 520 532 807 892 910 980 990 1053 1067 1174 1330 1358 1365 1424 1623 1706 1725 1751 1807 1888 2129 2281 2329 2335 2430 2474 2710 2734 2851 2866 2955 2980 3060 3104 3122 3147 3297 3401 3597 3840 3949 3952 4070 4156 4219 4257 4493 4621 4657 4668 4686 4711 4828 4923 
42 131 277 385 628 717 816 1130 1409 1500 1624 1716 1809 2029 2125 2140 2219 2222 2242 2344 2382 2621 3164 3790 3791 3853 3908 4077 4219 4491 4530 4554 4573 4593 4651 
9 100 183 238 296 314 335 420 422 543 740 874 1041 1160 1216 1223 1251 1269 1334 1366 1388 1458 1477 1498 1534 1647 1687 1695 1748 1888 1991 2032 2126 2138 2248 2286 2332 2344 2369 2482 2523 2546 2563 2593 2637 2654 2753 2787 2819 2843 2882 2884 2896 2930 2934 2978 3076 3086 3176 3275 3299 3514 3525 3590 3592 3620 3647 3886 3975 4007 4050 4068 4083 4150 4160 4222 4278 4303 4336 4392 4419 4443 4478 4526 4766 4864 4929 4946 
193 267 497 538 843 1038 1300 1361 1534 1538 1722 1829 2193 2248 2371 2452 2454 3227 3256 3306 3585 3607 3626 3759 3819 3951 4036 4094 4108 4326 4353 4542 
79 146 148 227 262 298 522 636 665 704 754 783 956 989 1084 1104 1160 1228 1340 1498 1623 1735 1773 2047 2439 2512 2530 2606 2644 2830 2851 2943 3022 3040 3044 3045 3342 3457 3577 3832 3839 3943 4043 4219 4232 4612 4618 4630 4643 4656 4859 4926 4937 
182 395 645 728 893 1168 1375 1456 1568 1682 1689 1745 1762 2347 2527 2873 3073 3255 3308 3346 3820 3823 3874 3965 3986 4116 4278 4298 4496 4562 4610 4821 4842 4942 
25 60 106 145 160 228 267 299 328 378 389 393 398 399 415 451 479 613 623 710 765 783 874 888 1094 1467 1484 1616 1633 1642 1667 1689 1735 2050 2081 2097 2254 2281 2358 2381 2425 2564 2654 2762 2774 2825 2844 2848 2914 2985 3091 3151 3224 3325 3333 3546 3554 3577 3585 3708 3730 3770 3789 3800 3865 4070 4083 4116 4121 4132 4198 4225 4309 4360 4376 4399 4419 4476 4534 4598 4611 4640 4727 4771 4885 4923 4952 
14 44 93 183 224 231 269 296 559 754 791 1020 1038 1069 1278 1339 1369 1498 2039 2243 2527 2552 2591 2613 2615 2646 2741 2939 3078 3104 3159 3174 3175 3246 3268 3275 3291 3461 3524 3820 4016 4089 4191 4223 4299 4342 4446 4585 4627 4656 4842 4850 4904 4915 4982 
51 60 111 158 317 337 439 563 602 620 677 710 743 748 810 831 881 912 971 986 1104 1284 1331 1400 1415 1522 1574 1663 1730 1759 1771 1885 1899 1908 1966 2000 2202 2271 2393 2513 2579 2620 2673 2779 2782 2810 2843 2896 2940 2982 3080 3087 3190 3197 3317 3446 3469 3522 3550 3678 3720 3951 3990 4066 4070 4166 4299 4524 4570 4628 4630 4708 4710 4735 4863 
60 82 237 259 390 511 575 678 685 742 764 842 873 958 966 1065 1136 1354 1365 1387 1403 1427 1455 1465 1486 1500 1606 1640 1647 1655 1743 1780 1842 1963 1972 1993 2008 2014 2059 2146 2191 2202 2286 2370 2432 2434 2441 2454 2470 2496 2613 2633 2660 2751 2881 3046 3082 3105 3272 3294 3418 3530 3588 3607 3738 3837 3894 4001 4030 4115 4216 4354 4438 4516 4527 4540 4569 4588 4589 4630 4634 4953 
64 113 121 182 233 321 362 440 494 556 572 727 777 782 789 909 1357 1427 1535 1771 2026 2108 2127 2415 2742 2756 2812 3251 3273 3338 3391 3445 3578 3655 3750 3787 3877 3912 3941 4034 4191 4214 4222 4232 4445 4676 4810 
393 503 945 1058 1205 2099 2268 2454 2468 2819 2942 3150 3212 3279 3379 3966 3995 4092 4474 4681 4827 4856 4859 4867 
137 212 235 701 716 771 792 796 1762 1801 2518 2559 3174 3566 3776 3981 3993 4338 4502 4657 4683 4808 
124 170 175 182 211 307 334 357 359 398 421 439 451 532 641 666 692 709 793 922 957 1034 1053 1055 1100 1108 1290 1335 1355 1427 1504 1722 1771 1806 1818 1875 1899 1914 1920 1959 1974 1989 2023 2037 2082 2191 2282 2344 2367 2388 2426 2448 2531 2603 2608 2637 2724 2735 2916 2981 3020 3029 3060 3106 3131 3170 3223 3233 3254 3277 3295 3308 3336 3347 3464 3508 3559 3614 3647 3697 3720 3758 3770 3812 3851 3916 3945 4008 4050 4126 4177 4213 4292 4458 4635 4645 4771 4819 4908 
26 420 451 518 592 909 994 1220 1247 1316 1334 1416 1482 1579 1586 1599 1713 1763 1764 1787 1885 1911 2054 2066 2079 2115 2238 2247 2454 2618 2650 2788 3071 3086 3126 3250 3341 3358 3375 3538 3704 4013 4056 4153 4156 4389 4457 4573 4664 4904 
24 93 175 231 233 434 437 531 624 673 925 1063 1134 1193 1377 1442 1538 1968 2208 2239 2318 2448 2498 2546 2613 2628 2759 2937 3002 3046 3159 3310 3337 3404 3446 3704 3770 3956 4107 4442 4463 4493 4559 4610 4766 4923 4952 4968 
290 795 856 874 980 1063 1104 1358 1385 1458 1589 1599 1979 2040 2117 2202 2540 2548 2589 2762 3073 3105 3119 3131 3174 3465 3573 3615 3723 3737 3981 4079 4209 4300 4328 4346 4417 4732 4853 
145 370 457 592 726 790 894 1053 1086 1120 1139 1153 1377 1511 1574 1760 1878 2053 2289 2318 2394 2396 2531 2701 2843 2964 3496 3518 3713 4192 4410 4505 4520 4754 4849 4948 4957 
1 536 644 777 804 805 884 942 1207 1216 1265 1402 1500 1571 1590 1699 1791 2060 2088 2152 2221 2364 2365 2415 2452 2680 3018 3075 3130 3136 3137 3152 3225 3494 3567 3594 4013 4128 4172 4217 4310 4657 4745 4771 4792 4835 4842 
1 29 200 294 400 503 521 564 651 652 653 732 777 787 790 794 980 1016 1041 1101 1139 1365 1421 1501 1502 1507 1562 1586 1694 1730 1843 1920 1975 1982 2008 2020 2047 2127 2150 2197 2212 2317 2347 2355 2357 2396 2452 2479 2531 2548 2658 2758 2760 2834 2913 2972 3014 3057 3146 3150 3151 3188 3261 3283 3580 3645 3647 3710 3869 3970 3981 4033 4156 4210 4275 4282 4296 4306 4326 4333 4407 4462 4525 4561 4636 4649 4663 4688 4691 4709 4711 4798 4842 4843 4859 4865 4964 4976 
185 790 810 882 937 992 1079 1247 1259 1366 1746 1759 1909 1918 2101 2203 2280 2282 2776 2957 3734 3959 3961 4049 4354 4657 
78 145 172 398 439 445 656 816 999 1039 1098 1099 1366 1428 1534 1693 1804 1833 1857 1938 2053 2055 2158 2179 2205 2355 2497 2523 2665 2762 2788 2819 3007 3105 3175 3211 3275 3320 3408 3587 3882 3959 4108 4239 4279 4328 4446 4495 4554 4727 4819 4859 4888 
18 46 150 920 1060 1077 1193 1356 1853 2170 2224 2268 2407 2442 2843 2993 3076 3282 3575 3721 3928 4079 4380 4403 4619 4705 
20 44 72 97 106 187 235 253 297 340 431 437 495 527 577 642 710 715 737 738 800 802 843 883 917 940 1077 1188 1221 1321 1339 1358 1532 1580 1624 1653 1778 1899 1934 1974 2125 2341 2344 2355 2367 2415 2441 2444 2531 2545 2582 2593 2788 2808 2812 2939 2942 2946 2969 2990 3025 3060 3086 3104 3184 3267 3357 3429 3457 3667 3721 3738 3812 3879 3918 3979 3988 4057 4066 4281 4333 4373 4384 4435 4490 4495 4514 4531 4594 4766 4819 4895 
1 54 175 261 263 698 787 915 953 1133 1203 1253 1291 1295 1544 1554 1571 1631 1681 2019 2145 2199 2221 2440 2704 3503 3507 3510 3549 4235 4554 4653 4711 4739 4952 4982 
46 503 738 754 817 1044 1151 1214 1494 1501 1513 1606 1671 1842 1885 2199 2978 3013 3070 3131 3175 3268 3606 3738 3966 4030 4127 4355 4882 4884 
280 549 720 990 1127 1264 2101 2389 2396 2419 2510 2645 2877 3170 3912 4062 4070 4532 4654 4728 4735 
51 83 129 168 235 292 298 304 322 503 513 576 606 746 772 846 893 956 958 1015 1096 1103 1107 1139 1198 1255 1392 1406 1469 1484 1490 1573 1593 1681 1726 1764 1840 1880 1904 1921 1974 2065 2142 2183 2200 2363 2364 2386 2417 2447 2448 2504 2551 2575 2711 2779 2848 2928 3076 3187 3195 3227 3265 3283 3310 3395 3429 3460 3528 3610 3628 3718 3785 3823 3853 3859 4001 4157 4190 4273 4293 4329 4333 4358 4389 4484 4494 4560 4573 4585 4675 4750 4775 4847 4867 4927 4941 4964 4978 
393 657 670 777 922 928 1143 1499 1529 1657 2366 2385 2483 2493 2727 2866 2906 2917 2978 3022 3034 3176 3262 3396 3655 3790 3951 4109 4235 4483 4886 
121 172 183 301 397 656 765 944 960 1139 1315 1531 1570 1586 1905 2163 2346 2648 2816 2843 2902 3046 3086 3436 3530 3544 4023 4679 4884 4904 
106 183 355 555 846 990 1101 1192 1324 1437 1487 1507 1518 1550 1592 1596 1638 1769 1842 2383 2695 2933 3189 3214 3506 3549 3584 4013 4107 4108 4142 4611 4669 4819 4877 
1 8 82 367 398 442 455 525 564 582 631 793 825 870 1104 1133 1160 1201 1244 1248 1264 1293 1319 1423 1537 1571 1624 1730 1778 1781 1874 1883 1948 1967 2005 2038 2072 2148 2196 2221 2364 2392 2546 2551 2654 2657 2674 2773 2775 2791 2820 2831 2848 3021 3086 3148 3175 3269 3283 3315 3346 3380 3385 3393 3463 3565 3639 3647 3662 3750 3766 3983 4066 4075 4107 4113 4116 4156 4209 4212 4254 4262 4279 4308 4462 4464 4495 4616 4703 4765 4800 4838 4839 4865 4960 
90 278 382 432 451 483 605 747 1335 1465 1500 1507 1803 2249 2402 2525 2896 2998 3005 3091 3094 3308 3402 3818 4285 4369 
267 296 439 474 608 1024 1057 1104 1164 1165 1175 1198 1377 1461 1624 1903 2015 2017 2222 2466 2706 3052 3479 3530 3597 3750 4070 4083 4120 4333 4545 4575 4606 4639 4655 4732 4752 4843 4930 
27 145 325 352 480 601 670 740 769 915 1084 1198 1216 1299 1507 1670 1759 1920 2005 2156 2178 2191 2493 2629 2742 3174 3188 3490 3677 3733 3951 4080 4519 4648 4758 4782 
236 340 437 490 535 657 716 718 787 912 1191 1239 1495 1578 1764 1979 2278 2463 2679 2695 2698 2908 3020 3215 3590 3738 3860 3897 4023 4108 4383 4484 4519 4562 4571 4615 4695 4715 4735 4755 4759 4799 4941 
1 166 180 206 220 281 287 309 348 420 466 712 759 765 993 1059 1101 1264 1311 1334 1365 1518 1599 1768 1969 2032 2051 2101 2320 2408 2548 2564 2593 2654 2848 2900 2980 2981 3008 3089 3103 3110 3117 3163 3346 3602 3650 3705 3714 3790 3823 4058 4151 4310 4578 4665 4795 4827 4858 4887 
541 585 642 967 1025 1181 1381 1488 1730 2440 2466 2614 3154 3170 3194 3197 3252 3355 4128 4656 4843 
16 156 161 312 363 406 420 454 517 527 587 596 644 716 815 819 866 981 1014 1084 1237 1258 1297 1458 1492 1498 1537 1686 1756 1919 2084 2112 2125 2126 2136 2148 2197 2272 2302 2511 2635 2828 2859 3086 3114 3181 3261 3578 3658 3712 3910 3912 4039 4073 4183 4207 4389 4416 4554 4697 4711 4732 4749 4754 4840 4914 4969 
82 112 200 273 537 717 843 922 1122 1464 1645 1697 2378 3386 3591 3607 3812 4030 4302 4484 4665 4723 4732 4735 4856 4884 4952 
14 17 67 106 123 136 169 323 325 486 566 632 638 642 688 714 793 909 1108 1166 1264 1357 1427 1472 1537 1552 1723 1739 1762 1821 1826 1829 1909 1974 1990 2008 2011 2122 2126 2232 2237 2291 2293 2301 2350 2364 2416 2666 2708 2714 2741 2942 2976 3112 3149 3192 3196 3308 3353 3372 3376 3400 3412 3437 3516 3558 3571 3607 3644 3663 3829 3847 3898 3974 4030 4076 4126 4180 4187 4235 4264 4310 4314 4329 4365 4375 4382 4477 4677 4902 
39 46 203 340 344 390 419 634 642 796 895 928 956 1051 1069 1118 1247 1347 1501 1574 1720 1759 1818 1828 1882 1888 1950 2032 2035 2078 2130 2190 2220 2222 2452 2541 2622 2696 2715 2932 3227 3283 3549 3641 3665 3959 4108 4133 4211 4294 4402 4454 4585 4630 4634 4693 4797 4801 4898 
42 52 56 152 182 196 286 296 717 740 820 833 1012 1088 1159 1196 1205 1255 1319 1377 1449 1452 1476 1537 1661 1690 1758 1761 1780 1784 1819 1834 1888 1909 2005 2032 2073 2268 2311 2396 2415 2536 2650 2695 2814 2866 3117 3294 3346 3367 3381 3389 3419 3446 3721 3798 3799 3903 3921 3939 3997 4107 4222 4522 4528 4562 4600 4730 4789 4808 4856 4994 
38 45 60 106 175 212 235 325 384 572 589 638 657 740 749 754 773 877 883 915 1007 1113 1271 1305 1316 1368 1388 1398 1423 1458 1492 1518 1525 1538 1673 1722 1917 1919 1963 1970 2053 2199 2228 2229 2246 2268 2316 2394 2417 2493 2508 2568 2717 2752 2922 2994 3020 3101 3129 3292 3294 3308 3439 3574 3586 3589 3590 3596 3608 3629 3640 3655 3702 3709 3783 3852 3924 3987 4001 4042 4094 4115 4419 4464 4556 4569 4690 4751 4757 4773 4785 4804 4808 4867 4904 4970 
256 336 397 422 642 720 735 740 796 843 850 955 1148 1335 1436 1711 1818 2364 2439 2551 3198 3249 3579 3906 4013 4079 4188 4285 4436 4562 4844 4991 
73 95 105 120 178 221 251 397 468 708 720 740 777 864 915 929 1063 1102 1205 1335 1337 1339 1388 1440 1498 1574 1576 1668 1786 1835 1844 1875 1916 1942 1963 1965 2083 2094 2098 2130 2221 2252 2268 2439 2699 2779 2807 2828 3019 3039 3116 3121 3150 3176 3222 3370 3376 3387 3390 3444 3447 3585 3607 3647 3673 3691 3702 3750 3758 3821 3951 4061 4115 4128 4138 4235 4238 4404 4425 4492 4493 4604 4610 4645 4715 4808 4823 4834 4837 4842 4876 4884 4938 
710 769 783 944 1125 1148 1386 1458 1772 2033 2448 2564 2726 2762 2827 3019 3111 3311 4256 4700 4991 
42 44 127 175 202 372 564 717 1599 1664 1823 1937 1984 2020 2493 2507 2573 2713 3087 3530 3577 3839 4067 4083 4130 4328 4493 4711 
10 42 335 392 422 550 570 664 700 717 735 804 846 875 893 915 978 1038 1063 1213 1252 1255 1297 1334 1387 1538 1585 1606 1624 1644 1656 1681 1722 1791 1826 1839 1846 1961 2007 2197 2204 2221 2387 2415 2439 2470 2485 2538 2652 2754 2880 2904 2907 2978 2979 3016 3019 3150 3261 3322 3329 3386 3410 3429 3451 3699 3742 3805 3912 4052 4185 4235 4267 4361 4398 4422 4446 4450 4503 4573 4602 4652 4714 4754 4819 4827 4898 4929 
80 82 92 115 141 179 248 505 547 592 787 809 822 837 901 915 1038 1065 1297 1314 1328 1389 1426 1475 1518 1581 1582 1721 1856 1861 1963 2047 2128 2182 2336 2352 2411 2418 2493 2593 2798 2828 2868 3175 3405 3455 3636 3655 3704 3735 3773 3807 3845 3853 3959 4299 4386 4428 4715 4855 4860 4891 4919 4982 
31 251 393 567 643 694 727 765 896 956 1043 1101 1218 1235 1434 1465 1608 1771 1842 1848 2052 2120 2201 2394 2512 2598 2848 3133 3144 3150 3159 3446 3562 3651 3702 3773 4018 4032 4083 4224 4394 4754 4884 4929 4957 4959 
231 234 697 824 928 1480 1516 1518 1536 1791 1936 2244 2456 2493 3037 3170 3284 3478 3840 3972 4116 4446 4558 4597 4617 4734 4964 
153 172 196 335 574 790 944 956 965 990 995 1038 1041 1065 1179 1193 1492 1541 1687 1701 1764 1875 2100 2310 2313 2326 2532 2626 2718 2819 2896 3114 3360 3455 3461 3552 3716 4142 4230 4240 4354 4447 4631 4740 4762 4879 4941 4961 
363 439 452 493 739 763 899 1038 1047 1123 1335 1366 1393 1418 1443 1771 1868 1894 1920 1964 2004 2006 2009 2074 2318 2355 2587 2613 2637 3046 3107 3486 3511 3542 3547 3687 4843 4941 
216 274 305 306 420 472 507 524 527 701 876 922 942 954 992 1060 1084 1322 1358 1463 1606 1647 1716 1920 2020 2047 2151 2172 2216 2440 2452 2455 2571 2654 2688 2692 2705 2767 2779 2805 2830 3073 3086 3248 3429 3446 3688 3785 3804 3849 3909 3922 3944 4004 4073 4079 4186 4425 4519 4638 4694 4732 4748 4783 4991 
55 82 163 251 417 616 662 720 887 1234 2124 2174 2199 2372 2514 2595 2623 2939 3197 3294 3982 4023 4128 4189 4258 4310 4647 4842 
163 302 836 849 980 1274 1574 2653 2812 3095 3312 3321 3469 3597 3680 3752 4554 4585 4731 4923 4952 
32 226 415 472 527 564 571 716 751 976 1030 1054 1183 1247 1365 1377 1626 1651 1817 1859 2166 2179 2488 2552 2777 2812 3015 3265 3332 3361 3720 3746 3770 4050 4128 4218 4321 4438 4569 4601 4732 4754 4820 4897 
80 121 128 163 212 266 335 347 390 451 526 572 625 649 656 701 710 735 753 769 846 874 909 942 1029 1069 1081 1115 1129 1318 1319 1322 1325 1536 1547 1647 1675 1759 1838 1939 1999 2020 2047 2101 2127 2222 2259 2286 2300 2524 2600 2742 2748 2813 2819 2903 2954 2980 3114 3259 3352 3428 3429 3457 3484 3519 3549 3734 3747 3790 3820 3896 4012 4038 4265 4324 4326 4456 4486 4507 4529 4634 4735 4808 4814 4865 4891 4898 4929 4981 
55 145 164 196 327 352 364 467 487 504 609 626 627 735 758 776 958 1024 1060 1072 1193 1231 1272 1358 1365 1379 1386 1387 1391 1411 1427 1534 1578 1829 1842 1868 1955 2005 2020 2132 2135 2253 2314 2417 2462 2470 2539 2551 2554 2558 2561 2639 2654 2712 2830 2869 2926 2939 3009 3020 3186 3419 3420 3429 3450 3471 3562 3730 3757 3773 3785 3811 3831 3863 3906 3994 4072 4195 4203 4209 4219 4242 4285 4329 4339 4377 4493 4495 4519 4574 4587 4611 4719 4729 4843 4867 4945 4952 
3 61 92 114 193 200 212 330 553 565 667 733 738 747 785 816 866 912 928 1017 1024 1028 1080 1114 1203 1264 1297 1357 1387 1431 1697 1920 2005 2096 2191 2222 2264 2327 2396 2429 2481 2501 2609 2672 2723 2771 2828 2921 2948 2953 2961 3006 3087 3234 3384 3425 3601 3721 3763 3785 3853 3932 3943 4072 4250 4356 4449 4656 4658 4721 4771 4964 4991 
35 126 193 267 282 342 373 447 641 648 747 756 783 816 821 847 848 883 990 1182 1205 1412 1435 1439 1452 1462 1490 1502 1523 1569 1586 1681 1785 1815 2047 2049 2095 2130 2177 2227 2441 2454 2517 2523 2546 2551 2585 2659 2685 2713 2744 2843 2862 2959 2978 3115 3206 3227 3235 3294 3322 3419 3435 3461 3491 3577 3607 3676 3704 3712 3838 3980 4001 4293 4310 4374 4430 4451 4482 4484 4486 4716 4727 4818 4856 4867 4903 4922 
89 105 121 130 175 193 311 374 422 465 506 527 593 684 747 761 787 942 980 1017 1018 1063 1072 1126 1139 1158 1203 1215 1255 1261 1273 1334 1357 1452 1545 1563 1628 1647 1677 1687 1791 1995 2025 2091 2126 2197 2248 2286 2342 2470 2491 2553 2556 2581 2650 2676 2682 2743 2800 2824 3091 3117 3268 3270 3301 3467 3690 3758 3792 3816 3823 3881 3907 3920 3946 3964 3971 4046 4098 4156 4220 4328 4573 4634 4884 4898 
57 106 183 237 429 478 711 843 1069 1104 1198 1909 2085 2088 2251 2344 2421 2439 2967 3170 3228 3386 3812 3820 4073 4109 4329 4614 4853 
44 55 194 503 727 938 1032 1350 1868 2284 2486 2534 2592 2713 2839 3131 3619 4156 4228 4278 4493 4574 4898 
60 193 516 564 638 657 735 775 810 1193 1501 1591 2028 2344 2693 3042 3461 3468 3521 3738 3955 4462 4493 4711 
84 212 397 558 580 592 1246 1533 1571 2155 2223 2424 2654 3217 3316 3469 3750 4191 4343 4455 4532 4576 4670 4727 4929 
145 203 270 393 451 476 548 573 591 600 641 720 747 811 831 891 958 1037 1053 1065 1101 1148 1286 1297 1353 1501 1573 1812 1847 1920 2032 2125 2140 2169 2179 2181 2214 2431 2731 2823 2973 2983 3001 3308 3362 3481 3499 3539 3578 3590 3597 3635 3683 3704 3758 3934 4030 4115 4232 4248 4269 4335 4423 4484 4533 4536 4539 4585 4602 4706 4727 4929 4941 4957 
189 203 390 926 942 1121 1366 1775 1776 1778 1810 1826 2111 2262 2276 2593 2613 2830 2850 2879 2925 2939 3011 3073 3123 3173 3200 3227 3244 3260 3268 3310 3696 3734 3792 3840 3878 3906 4333 4378 4438 4536 4684 4856 
121 409 611 638 644 661 857 976 1108 1578 1687 1762 1771 1929 2153 2282 2435 2448 2564 2809 3135 3188 3578 3760 3761 3822 4007 4066 4393 4657 4685 
217 861 931 1060 1538 1630 1780 1783 1831 1855 1898 2057 2104 2354 2420 2448 2770 2852 2875 3054 3066 3171 3174 3369 3495 3655 3740 3750 4174 4222 4285 4656 4957 
193 363 472 528 641 793 912 947 1205 1348 1697 1730 1820 1829 1930 1933 1963 2147 2202 2222 2812 2872 3065 3407 3461 3598 3660 3712 3806 4109 4278 4466 4833 
82 92 104 113 120 155 181 196 208 235 370 413 427 428 429 463 498 544 583 644 670 762 810 818 834 862 874 980 1208 1351 1520 1648 1683 1716 2016 2020 2053 2067 2191 2202 2236 2270 2295 2410 2441 2443 2453 2793 2892 2966 2981 3092 3100 3104 3266 3310 3455 3466 3577 3585 3613 3647 3661 3738 3770 3779 3839 3900 4030 4044 4170 4232 4389 4470 4535 4832 4862 4880 4952 4986 
103 113 370 716 793 831 1101 1198 1405 1423 1609 1662 1778 1780 1899 1979 2180 2266 2269 2527 2716 2736 2896 2941 3104 3141 3790 3868 3888 3938 4072 4114 4191 4368 4492 4501 4532 4565 4579 4602 4608 4929 4943 4950 
42 63 151 276 310 335 458 496 533 657 783 810 1043 1085 1167 1219 1295 1316 1345 1524 1641 1738 1981 2005 2105 2304 2454 2459 2547 2552 2593 2637 2658 2772 2832 3117 3134 3346 3417 3419 3455 3480 3530 3689 3792 3969 4069 4070 4094 4126 4287 4389 4414 4515 4574 4682 4796 4894 
14 105 167 240 267 289 295 319 354 363 381 623 727 784 796 831 867 871 1040 1063 1205 1226 1304 1410 1427 1458 1466 1468 1484 1505 1536 1543 1578 1614 1679 1764 1922 1944 1996 2164 2168 2197 2231 2233 2366 2433 2669 2671 2788 2833 2851 3169 3176 3278 3376 3527 3549 3568 3707 4104 4115 4156 4234 4289 4299 4316 4333 4350 4492 4511 4541 4610 4611 4771 4780 4920 4940 4962 
44 121 251 451 558 568 701 783 796 944 1108 1141 1344 1624 1736 2045 2202 2347 2406 2440 2637 2812 2991 3133 3143 3188 3294 3429 3648 3734 3736 3963 4023 4116 4293 4326 4434 4554 4569 4625 4779 4827 4832 4921 4923 4965 
230 745 1297 1697 1744 1818 1928 2042 2125 2217 2262 2281 2414 3019 3288 3457 3585 3657 4026 4196 4446 4964 
51 92 415 540 592 641 691 702 730 883 918 990 1019 1146 1186 1241 1255 1316 1376 1385 1390 1407 1425 1484 1534 1586 1617 1715 1753 1764 1774 1793 1829 1864 1879 1899 1946 2148 2221 2347 2359 2368 2390 2523 2624 2742 2779 2863 2963 2971 3003 3089 3091 3197 3208 3275 3366 3386 3409 3470 3504 3513 3542 3543 3681 3702 3820 3953 3966 3996 4000 4001 4028 4031 4091 4241 4284 4425 4439 4453 4479 4603 4610 4630 4674 4808 4841 4909 4944 4972 
55 237 340 396 398 509 750 921 942 998 1187 1387 1479 1502 1558 1729 1954 2034 2139 2303 2323 2394 2427 2439 2493 2494 2512 2546 2605 2721 2822 2826 2829 2866 2896 2915 2919 3087 3172 3197 3258 3268 3330 3469 3531 3670 3784 3810 3981 4116 4117 4148 4215 4532 4536 4900 4963 
42 66 298 681 909 1026 1043 1065 1227 1280 1289 1358 1465 1536 1692 2179 2484 2492 2523 2562 2651 2703 2794 3017 3046 3104 3105 3151 3155 3216 3346 3461 3505 3530 3731 3758 3812 3815 3899 3951 4051 4278 4354 4372 4622 4637 4737 4793 4825 
12 22 53 92 113 190 325 403 527 569 790 1041 1072 1097 1211 1236 1339 1654 1899 2140 2195 2250 2415 2548 2556 2780 2851 3028 3167 3322 3424 3497 3542 3604 3659 3976 3989 4063 4081 4226 4299 4397 4506 4508 4573 4585 4634 
162 172 188 191 193 1065 1502 1506 1850 2110 2242 2396 2415 2460 2509 2570 2636 2658 2667 2766 3022 3274 3275 3293 3350 3775 4072 4492 4753 
21 42 212 219 267 415 638 639 642 660 670 721 766 798 831 860 976 1017 1069 1193 1281 1501 1526 1574 1681 1689 1713 1737 1805 1887 1899 1919 1940 2056 2088 2106 2140 2242 2367 2399 2549 2784 2804 2890 3014 3209 3383 3487 3542 3555 3758 3769 3773 3788 3846 3925 3933 3959 4045 4094 4134 4168 4245 4299 4464 4465 4492 4552 4573 4639 4645 4672 4678 4766 4842 4865 4911 4952 
101 171 198 313 429 472 623 670 804 858 866 879 883 1013 1017 1194 1205 1282 1301 1306 1316 1319 1357 1509 1536 1629 1704 1780 1884 1951 2076 2198 2222 2334 2520 2551 2641 2691 2742 2788 2980 2984 3060 3091 3104 3287 3469 3542 3557 3637 3770 4099 4219 4305 4497 4639 4645 4747 4831 4845 4859 4873 4991 4997 
105 298 335 499 906 2062 2440 2522 2556 2587 3089 3144 3322 3549 3603 3712 4007 4109 4237 4381 4660 4722 4766 4832 
145 165 183 237 251 279 296 340 363 439 477 481 532 671 735 907 916 952 1024 1038 1105 1148 1310 1312 1493 1557 1598 1610 1620 1869 1875 1893 1909 2001 2008 2047 2071 2109 2268 2318 2319 2394 2404 2473 2556 2572 2658 2782 2854 2871 2895 2909 2923 2981 3114 3139 3161 3257 3314 3429 3438 3542 3551 3562 3577 3600 3824 3835 3840 3890 3906 3912 3950 3967 3981 4028 4054 4140 4221 4276 4329 4405 4421 4446 4607 4634 4656 4766 4808 4867 4871 4904 4924 
14 105 110 285 542 765 944 1084 1232 1319 1722 1792 2202 2391 2458 2565 2713 2788 3062 3105 3712 3727 3812 4116 4231 4354 4363 4481 
49 96 586 781 827 1033 1112 1339 1365 1573 1749 1791 1888 1979 2347 2439 2654 2684 2686 2910 2912 3032 3188 3261 3560 3590 3652 3712 3809 3912 3913 3951 3999 4073 4158 4163 4280 4283 4366 4462 4613 4634 4715 4725 4746 4819 4898 4913 4931 4982 
42 51 93 94 205 251 346 415 619 629 893 1266 1584 1762 1798 2061 2360 2417 2556 2596 2728 2746 3179 3419 3458 3820 4201 4209 4536 4602 4673 4720 4770 4771 
13 108 113 138 318 324 339 363 398 436 439 527 592 595 723 741 754 816 942 977 1072 1144 1157 1160 1203 1245 1309 1387 1408 1423 1460 1538 1599 1635 1647 1689 1716 1778 1779 1788 1862 1888 1943 2053 2116 2127 2130 2140 2172 2186 2199 2206 2273 2281 2287 2345 2476 2713 2768 2853 2865 2866 2886 2920 2942 2952 2987 3031 3109 3237 3322 3448 3457 3711 3730 3801 3839 3872 3926 3998 4095 4123 4202 4205 4295 4326 4327 4379 4486 4493 4519 4711 4764 4767 4786 4822 4866 4892 
105 174 203 247 398 415 420 422 423 485 492 502 774 846 1043 1075 1139 1200 1255 1316 1343 1377 1382 1388 1448 1452 1519 1538 1575 1647 1719 1842 1890 1926 1953 2242 2282 2396 2417 2576 2588 2638 2677 2761 2762 2783 3133 3197 3253 3290 3365 3411 3413 3456 3501 3578 3585 3724 3823 3828 3927 3991 4005 4047 4156 4178 4222 4235 4291 4427 4467 4484 4547 4569 4630 4645 4704 4738 4824 4856 4872 4947 4955 4971 4982 4987 
19 80 93 196 212 231 244 267 291 558 635 644 787 808 839 893 944 958 1078 1203 1339 1385 1387 1417 1492 1537 1607 1762 1782 1875 1899 2003 2248 2277 2296 2344 2448 2452 2597 2607 2649 2778 2819 2960 3022 3036 3090 3096 3144 3175 3220 3313 3334 3386 3423 3562 3597 3599 3721 3906 3959 3966 4088 4142 4227 4317 4532 4861 4957 4990 
60 77 231 233 237 411 532 564 703 831 915 1239 1298 1386 1573 1611 1716 1730 1764 1885 1900 1963 1974 1977 1983 2021 2126 2127 2172 2197 2279 2587 2601 2658 2700 2779 3261 3339 3403 3679 3734 3887 3940 3957 4017 4021 4025 4082 4109 4206 4222 4271 4293 4425 4562 4596 4639 4665 4781 4884 4936 
86 142 233 243 255 579 735 790 830 843 903 980 992 1065 1066 1133 1189 1193 1565 1573 1602 1742 1780 1885 1920 2102 2123 2292 2436 2438 2451 2470 2552 2655 2713 2730 2782 2795 2874 3046 3088 3275 3285 3346 3572 3630 3634 3840 4002 4050 4070 4142 4162 4293 4328 4452 4462 4562 4569 4574 4665 4715 4808 4827 4856 4859 4916 4982 4992 
30 46 82 265 283 366 420 515 592 603 656 675 722 810 893 909 912 915 948 990 1025 1050 1146 1240 1339 1357 1397 1540 1571 1647 1684 1698 1722 1730 1735 1750 1777 1837 1886 1994 2032 2126 2140 2209 2298 2347 2439 2475 2480 2542 2551 2613 2670 2866 2905 3076 3083 3114 3151 3188 3236 3265 3452 3454 3469 3515 3694 3720 3758 3794 3873 3895 4028 4094 4107 4159 4229 4326 4390 4431 4489 4532 4572 4574 4582 4715 4724 4754 4756 4790 4830 4851 4867 4891 4904 4912 
106 296 316 448 594 982 1060 1452 1492 1960 2058 2531 2650 2709 2782 3048 3201 3302 3582 3719 3721 3729 3730 4028 
292 765 853 919 958 1038 1108 1119 1202 1233 1279 1319 1473 1534 2529 2942 3231 3240 4084 4332 4425 4488 
51 93 163 172 216 237 298 473 615 638 769 796 866 942 990 1024 1160 1184 1319 1377 1396 1423 1478 1484 1489 1537 1713 1759 1778 1829 2126 2148 2516 2569 2627 2858 3125 3174 3449 3562 3607 3704 3917 3960 4013 4261 4385 4389 4471 4592 4599 
105 159 203 222 275 379 558 783 786 944 1146 1216 1287 1322 1490 1555 1583 1625 1660 1754 1757 1881 1949 2087 2396 2574 2583 2604 2640 2668 2828 2968 3022 3298 3461 3489 3530 3793 3911 3943 4023 4085 4329 4412 4492 4548 4610 4623 4715 4727 4957 
59 120 176 193 300 329 380 429 438 453 503 572 588 640 755 765 816 840 1091 1277 1385 1419 1536 1542 1586 1603 1622 1707 1791 1795 1818 1909 2041 2088 2114 2171 2175 2248 2521 2556 2590 2732 2848 2851 2878 2885 2980 3014 3043 3060 3079 3091 3128 3140 3176 3210 3477 3570 3743 3781 3820 3836 3839 3854 3870 3885 3904 3936 4001 4007 4143 4158 4165 4279 4328 4331 4351 4420 4495 4499 4519 4521 4551 4584 4829 4865 4898 4923 4966 
292 326 656 1229 1292 1420 1727 2043 2172 2213 2286 2312 2551 3138 3675 3773 3905 4030 4122 4268 4354 4733 4807 4816 
7 46 182 343 418 421 558 592 644 656 716 813 866 946 987 992 1053 1065 1160 1239 1254 1333 1366 1465 1496 1643 1689 1697 1700 1714 1771 1818 1826 1873 1897 1956 2046 2101 2107 2131 2240 2285 2384 2512 2610 2694 2785 2819 2989 3024 3104 3105 3166 3430 3590 3597 3631 3686 3750 3773 3785 3966 4006 4023 4029 4072 4101 4251 4260 4278 4438 4498 4574 4645 4657 4735 4843 4857 4957 
23 93 298 393 401 470 503 561 572 670 878 902 909 941 985 1017 1063 1108 1116 1139 1239 1249 1423 1451 1802 1875 2199 2256 2364 2413 2593 2719 2980 3328 3364 3377 3715 3765 3792 3802 3823 3825 3929 4059 4149 4191 4233 4259 4396 4639 4741 4766 4852 
107 163 172 216 235 251 325 501 572 790 928 1053 1077 1317 2088 2143 2221 2409 2856 3020 3307 3382 3655 3853 4328 4569 4832 
292 689 716 872 930 1497 1600 1618 1639 1764 2167 2505 2675 3059 3076 3243 3622 3792 3901 4013 4083 4105 4139 4444 4630 4742 4904 
55 118 120 139 154 214 252 325 352 415 437 472 551 630 638 656 701 747 932 963 1043 1060 1111 1264 1335 1385 1386 1452 1573 1599 1713 1735 1791 1935 1979 2119 2157 2172 2222 2282 2321 2351 2469 2487 2527 2564 2764 2797 2911 2949 3014 3035 3041 3072 3162 3205 3271 3276 3399 3493 3512 3754 3812 3814 3871 4041 4053 4064 4142 4197 4322 4543 4585 4696 4763 4853 4865 4883 4964 4975 4991 
40 578 669 695 912 1043 1209 1247 1283 1322 1335 1372 1399 1502 1669 1688 1713 1718 1759 1896 1924 2068 2126 2268 2397 2471 2625 2738 3087 3113 3165 3374 3457 3597 3669 3682 3695 3745 3749 3758 3834 3857 3915 4010 4290 4337 4408 4438 4595 4707 4867 4923 4958 4998 
87 98 163 200 787 1108 1349 1492 1500 1732 2523 2527 2552 2817 2876 3004 4109 4128 4285 4898 
14 65 125 397 532 612 617 701 731 793 803 935 1049 1064 1131 1162 1224 1239 1360 1490 1566 1623 1650 1832 2101 2422 2493 2560 2830 2860 2866 3023 3133 3346 3376 3488 3726 3753 3826 3876 3968 4243 4411 4429 4437 4462 4486 4642 4771 4788 4836 4935 
41 182 232 298 331 391 393 439 532 621 659 740 843 924 927 970 974 1160 1173 1257 1295 1386 1445 1490 1518 1537 1564 1623 1741 1771 1794 1814 1870 2053 2179 2282 2290 2466 2472 2528 2689 2713 2821 2843 2851 2951 3014 3055 3073 3117 3120 3170 3221 3263 3265 3310 3322 3446 3455 3646 3785 3790 3792 3861 3981 3984 4023 4050 4073 4208 4219 4222 4310 4312 4395 4419 4553 4574 4727 4754 4865 
14 231 233 272 284 429 475 618 623 716 769 779 883 922 980 1267 1288 1388 1471 1498 1507 1508 1517 1527 1548 1735 1755 1818 1851 1892 1912 1919 1963 1979 2161 2197 2207 2211 2218 2307 2366 2376 2587 2663 2683 2695 2828 2837 2841 2898 2918 2958 2975 2997 3010 3022 3051 3124 3310 3473 3482 3520 3553 3625 3706 3755 3790 4013 4023 4028 4108 4126 4171 4191 4209 4415 4484 4555 4602 4659 4891 4939 4980 
14 183 196 216 218 235 267 271 332 360 390 415 441 444 472 657 1043 1056 1394 1423 1457 1492 1501 1551 1578 1799 1907 2148 2262 2306 2318 2464 2556 2564 2599 2722 2742 2828 2847 2927 3087 3150 3159 3203 3227 3294 3344 3461 3700 3734 3774 3839 3912 4119 4232 4315 4319 4323 4340 4426 4485 4610 4620 4629 4736 4787 4819 4890 
145 216 426 471 647 868 1060 1083 1358 1370 1521 1537 1676 1913 1947 1958 2053 2630 2695 2762 3020 3131 3577 3808 4013 4108 4371 4536 4641 4743 4761 4802 
2 44 91 122 195 200 388 416 437 446 656 672 797 908 928 1009 1025 1031 1061 1195 1217 1247 1263 1264 1322 1329 1366 1374 1433 1444 1514 1571 1674 1733 1789 1826 1962 2144 2235 2242 2330 2331 2339 2349 2395 2417 2450 2457 2548 2567 2634 2650 2720 2815 2840 2845 2891 2950 3056 3061 3098 3102 3174 3308 3455 3533 3712 3785 3923 3935 3943 4030 4035 4073 4074 4079 4112 4126 4182 4285 4307 4568 4574 4626 4666 4671 4715 4754 4760 4817 4929 4941 4991 
44 92 134 149 172 778 912 1071 1185 1901 2315 2361 3027 3376 3502 3564 3647 3703 3756 4073 4164 4581 
62 121 216 246 338 414 464 788 1001 1262 1447 1538 1604 1624 1717 1752 1780 1816 1826 1885 2130 2165 2566 2690 2749 2782 3131 3576 3655 3730 3782 3848 4097 4341 4354 4389 4480 4573 4932 
345 352 369 387 472 717 720 734 777 846 1322 1681 1730 2075 2113 2297 2325 2523 2552 2695 2741 3076 3099 3485 3562 3649 3720 3839 3992 4050 4125 4698 4768 4949 
200 250 315 405 482 510 642 787 845 949 983 1198 1203 1239 1458 1518 1689 1973 2512 2702 2739 2745 3213 3556 3730 4425 4446 4656 4784 4813 4827 4899 
15 558 885 893 1000 1171 1176 1230 1264 1724 1868 2210 2318 2338 2367 2467 2586 2613 2830 2996 2999 3073 3085 3175 3247 3261 3310 3537 3595 4136 4158 4391 4469 4609 4661 4843 
370 725 804 806 855 1500 1601 1652 1687 1919 2441 2587 2637 2741 3440 3446 3540 3902 4349 4464 4518 4859 
133 390 1109 1138 1490 1678 1681 1731 1888 1895 2032 2234 2366 2489 2531 3182 3318 3692 4158 4249 4279 4285 4441 4500 
