1	78 79 144 167 202 204 
2	48 70 144 237 261 310 
3	233 
4	34 45 53 130 289 301 
5	71 223 227 262 296 307 
6	278 
7	14 36 166 229 288 292 
8	74 147 157 278 285 306 
9	124 
10	166 
11	58 156 248 297 307 313 
12	156 
13	175 
14	32 
15	211 
16	7 23 50 156 208 326 
17	178 
18	139 
19	36 
20	74 135 211 217 244 245 
21	145 
22	10 78 124 145 214 270 
23	25 33 38 102 186 297 
24	35 125 139 238 241 279 
25	142 176 235 246 287 305 
26	28 82 90 94 131 220 
27	278 
28	103 227 235 244 260 290 
29	114 128 132 159 191 261 
30	107 133 140 145 217 328 
31	31 61 75 115 140 294 
32	37 149 154 174 191 277 
33	233 
34	286 
35	95 
36	18 44 91 206 293 300 
37	12 
38	59 
39	14 162 178 194 262 287 
40	272 
41	160 
42	8 
43	292 
44	156 
45	33 
46	136 
47	279 
48	87 
49	37 
50	314 
51	261 
52	82 
53	133 
54	228 
55	247 
56	86 231 241 260 311 312 
57	290 
58	154 
59	101 
60	155 
61	20 47 62 103 140 266 
62	39 
63	13 95 133 244 260 271 
64	203 
65	4 10 95 210 212 241 
66	26 
67	11 55 150 161 214 289 
68	170 
69	260 
70	36 58 60 169 191 306 
71	275 
72	214 
73	235 
74	102 141 191 247 280 321 
75	108 
76	3 
77	3 87 237 241 301 310 
78	110 
79	148 
80	203 
81	23 32 128 226 234 319 
82	202 
83	45 126 194 251 260 285 
84	101 
85	142 
86	79 
87	154 
88	59 75 114 121 178 242 
89	85 
90	90 
91	137 
92	174 
93	26 
94	283 
95	72 139 192 203 269 299 
96	154 
97	113 
98	51 150 206 215 237 269 
99	86 
100	299 
101	258 
102	66 
103	265 
104	41 127 140 196 209 217 
105	51 122 182 260 288 314 
106	88 
107	174 226 260 265 275 277 
108	290 
109	4 59 87 116 121 267 
110	292 
111	49 177 188 216 239 251 
112	312 
113	20 
114	63 
115	24 27 87 112 238 306 
116	6 35 75 137 174 297 
117	229 
118	95 101 169 175 261 278 
119	82 95 112 122 130 287 
120	244 
121	73 125 135 174 187 254 
122	35 41 70 110 194 239 
123	101 114 232 237 292 305 
124	98 160 188 274 300 307 
125	135 
126	160 
127	142 165 177 184 237 258 
128	280 
129	22 171 189 202 277 306 
130	75 
131	34 100 158 162 239 325 
132	321 
133	21 
134	15 72 137 150 299 307 
135	74 
136	238 
137	41 64 82 209 296 314 
138	68 
139	80 189 191 216 292 299 
140	127 
141	81 95 107 203 275 326 
142	148 
143	51 87 109 118 139 240 
144	259 
145	14 139 157 198 204 228 
146	187 191 201 237 322 324 
147	6 10 147 216 231 237 
148	320 
149	36 75 109 131 158 178 
150	11 23 114 139 272 310 
151	160 
152	17 44 66 135 195 268 
153	25 26 77 182 297 317 
154	327 
155	176 
156	165 
157	23 59 106 200 320 321 
158	7 37 78 188 222 306 
159	6 22 203 205 206 227 
160	29 48 203 260 292 317 
161	109 
162	310 
163	251 
164	64 92 116 173 178 266 
165	283 
166	28 41 199 206 236 331 
167	90 
168	226 
169	27 66 70 86 125 305 
170	212 
171	1 38 110 166 218 306 
172	4 80 218 256 278 280 
173	19 
174	54 127 158 180 232 327 
175	330 
176	46 48 201 227 248 265 
177	41 48 75 90 153 214 
178	29 52 100 107 213 222 
179	253 
180	197 
181	207 
182	26 34 45 122 221 318 
183	265 
184	88 
185	327 
186	1 71 198 246 306 313 
187	76 98 143 192 202 287 
188	126 147 148 183 276 317 
189	136 
190	197 
191	88 
192	90 102 125 212 213 231 
193	88 
194	46 169 204 273 329 332 
195	27 66 268 279 302 310 
196	279 
197	70 
198	299 
199	55 
200	117 
201	35 49 57 131 153 282 
202	295 
203	94 
204	153 189 190 224 261 272 
205	233 
206	279 
207	188 
208	189 
209	154 
210	21 73 173 174 219 232 
211	251 
212	72 
213	21 38 55 67 114 196 
214	46 107 139 198 203 233 
215	183 
216	124 
217	30 115 124 214 233 300 
218	41 61 72 87 232 261 
219	50 
220	241 
221	6 47 72 203 252 332 
222	64 93 142 149 161 265 
223	149 206 222 226 270 314 
224	105 118 198 199 294 310 
225	2 9 37 52 86 177 
226	48 
227	60 124 183 189 279 298 
228	34 56 78 134 203 261 
229	94 
230	4 28 103 124 262 286 
231	45 88 122 160 264 291 
232	27 
233	101 
234	70 
235	164 
236	154 
237	68 70 144 194 250 330 
238	312 
239	41 52 233 278 295 330 
240	50 114 118 149 188 274 
241	299 
242	32 57 91 190 238 299 
243	105 
244	260 
245	140 
246	285 
247	294 
248	5 28 60 204 261 274 
249	237 
250	54 82 189 205 288 325 
251	60 115 177 194 270 279 
252	96 150 188 227 250 291 
253	318 
254	86 135 145 214 311 330 
255	90 163 177 179 278 315 
256	224 
257	203 
258	127 
259	75 90 209 251 253 265 
260	230 
261	14 142 153 161 258 275 
262	85 
263	216 
264	33 48 144 221 246 278 
265	57 116 187 191 216 237 
266	139 
267	43 142 186 245 272 327 
268	14 
269	63 167 203 251 263 327 
270	279 
271	186 
272	241 
273	256 
274	168 
275	20 124 234 251 260 321 
276	199 
277	61 76 79 156 178 198 
278	317 
279	97 
280	307 
281	105 109 142 184 198 247 
282	87 
283	242 
284	10 58 78 185 226 248 
285	26 48 100 102 126 185 
286	259 
287	161 178 189 261 312 321 
288	179 
289	209 
290	46 101 159 174 235 311 
291	45 95 166 214 249 282 
292	3 29 92 174 239 266 
293	22 122 162 272 280 324 
294	291 
295	192 
296	332 
297	13 40 82 102 112 215 
298	211 
299	44 59 149 150 177 271 
300	16 29 34 239 287 313 
301	100 136 140 215 223 330 
302	277 
303	328 
304	27 109 110 203 268 280 
305	27 77 250 276 306 330 
306	110 
307	124 
308	34 43 64 67 106 330 
309	287 
310	131 
311	108 
312	27 41 150 184 232 262 
313	154 
314	267 
315	18 89 125 235 280 295 
316	33 58 66 104 211 302 
317	86 115 119 219 225 259 
318	74 107 134 143 175 254 
319	73 
320	200 
321	39 72 97 209 215 319 
322	40 
323	84 85 152 163 307 321 
324	188 
325	23 66 190 198 199 310 
326	282 
327	153 
328	252 
329	53 79 130 229 245 274 
330	95 145 191 306 326 328 
331	35 42 188 203 209 286 
332	127 188 207 211 284 301 
333	64 75 110 257 273 310 
334	318 
335	174 184 188 271 307 329 
336	314 
337	268 
338	105 182 188 199 211 303 
339	94 110 178 195 270 299 
340	57 63 99 107 115 125 
341	69 101 123 184 208 326 
342	285 
343	270 
344	150 
345	222 
346	20 56 72 164 188 247 
347	258 
348	101 
349	266 
350	50 59 148 149 177 192 
351	90 142 144 177 189 253 
352	50 119 157 169 202 327 
353	95 
354	23 211 222 244 255 299 
355	289 
356	41 53 59 103 178 282 
357	52 
358	330 
359	56 241 261 265 300 326 
360	6 110 155 206 215 330 
361	17 39 46 74 180 250 
362	1 
363	164 
364	148 
365	324 
366	174 
367	258 
368	139 
369	323 
370	295 
371	68 177 220 266 270 281 
372	54 
373	228 
374	188 
375	208 
376	92 118 120 153 200 215 
377	22 103 164 230 235 239 
378	25 50 118 147 221 277 
379	110 
380	227 
381	77 
382	56 157 180 290 295 305 
383	36 109 118 129 235 330 
384	52 61 171 172 273 315 
385	48 56 181 211 222 257 
386	70 102 192 205 236 314 
387	8 
388	319 
389	17 78 115 131 227 230 
390	66 75 147 164 265 305 
391	34 
392	13 39 78 139 186 273 
393	23 84 152 200 257 306 
394	86 181 204 224 241 261 
395	72 
396	47 
397	75 102 145 150 167 261 
398	27 90 164 235 243 273 
399	9 129 147 184 215 287 
400	276 
401	197 
402	145 
403	46 134 150 201 255 303 
404	241 
405	40 99 146 281 301 332 
406	19 112 142 194 215 311 
407	93 
408	124 274 277 281 290 302 
409	119 
410	183 
411	136 
412	198 
413	184 
414	292 
415	175 
416	98 124 258 311 319 330 
417	291 
418	209 
419	7 112 114 153 235 294 
420	49 72 112 147 200 255 
421	41 103 122 127 200 302 
422	312 
423	295 
424	17 40 150 169 190 265 
425	33 
426	257 
427	161 
428	234 
429	53 111 175 203 251 305 
430	24 26 46 192 236 331 
431	129 
432	108 122 159 170 192 221 
433	115 196 218 219 286 324 
434	90 
435	35 74 209 261 307 330 
436	59 87 128 153 180 277 
437	326 
438	70 
439	40 90 136 293 310 317 
440	80 
441	79 128 140 286 291 327 
442	34 63 70 137 187 219 
443	194 
444	37 
445	29 
446	275 
447	82 90 92 107 185 203 
448	87 162 178 185 235 262 
449	63 142 151 152 165 278 
450	70 105 196 222 235 332 
451	117 
452	180 
453	14 66 79 80 207 258 
454	61 217 233 271 279 280 
455	38 60 104 147 225 277 
456	47 139 155 169 193 267 
457	9 14 32 90 270 303 
458	317 
459	266 
460	284 
461	118 
462	68 
463	8 101 116 239 247 315 
464	125 136 163 174 183 262 
465	49 178 182 190 199 215 
466	150 
467	257 
468	164 
469	36 159 183 275 300 310 
470	67 97 142 187 216 288 
471	320 
472	51 99 226 264 319 322 
473	6 
474	114 
475	63 
476	24 
477	323 
478	268 
479	74 
480	187 
481	41 61 91 104 146 327 
482	120 
483	165 
484	199 
485	40 64 112 153 176 182 
486	162 
487	319 
488	55 74 110 114 160 277 
489	100 103 176 186 216 243 
490	322 
491	10 29 49 280 299 317 
492	61 112 154 180 257 286 
493	116 
494	152 159 177 204 214 272 
495	138 
496	181 187 229 279 302 317 
497	297 
498	5 10 25 61 203 263 
499	94 175 200 234 272 297 
500	60 
501	305 
502	39 
503	9 30 108 272 274 287 
504	13 
505	59 173 174 201 226 303 
506	306 
507	61 147 183 250 265 295 
508	230 
509	27 85 216 220 283 285 
510	2 94 155 179 190 210 
511	24 66 103 122 248 265 
512	250 
513	35 70 194 221 279 311 
514	203 
515	59 62 112 140 179 211 
516	250 
517	22 115 152 189 236 260 
518	21 130 137 184 302 321 
519	99 
520	64 91 143 153 203 310 
521	72 90 98 144 156 313 
522	109 
523	9 23 75 197 250 281 
524	249 
525	13 56 129 176 269 287 
526	6 
527	122 170 190 287 314 322 
528	70 122 177 178 203 241 
529	17 59 135 214 300 315 
530	13 
531	231 
532	36 
533	53 119 125 194 266 286 
534	205 
535	32 142 171 200 248 324 
536	32 64 137 161 195 203 
537	194 
538	113 150 232 242 265 275 
539	75 183 259 261 280 313 
540	17 74 86 128 214 300 
541	136 
542	103 
543	59 80 186 210 216 305 
544	11 75 95 101 206 211 
545	170 
546	197 
547	297 
548	141 
549	19 42 75 125 278 320 
550	95 
551	266 
552	287 
553	331 
554	95 
555	45 
556	39 82 159 245 261 266 
557	41 144 175 223 270 273 
558	38 77 138 232 237 294 
559	68 107 110 127 132 191 
560	38 62 111 186 190 262 
561	106 
562	7 179 222 246 265 302 
563	15 
564	46 
565	95 
566	23 35 140 199 262 321 
567	115 
568	20 93 104 143 179 209 
569	71 86 115 145 267 271 
570	236 
571	106 
572	3 115 144 148 250 260 
573	116 153 234 246 270 287 
574	3 61 83 100 169 222 
575	308 
576	16 33 34 149 198 217 
577	193 
578	31 32 194 209 255 284 
579	34 
580	328 
581	58 130 157 177 261 314 
582	117 
583	246 
584	188 
585	330 
586	229 
587	64 134 142 169 177 233 
588	100 
589	137 
590	35 183 206 266 310 328 
591	47 48 87 180 270 291 
592	126 
593	10 125 194 239 255 309 
594	43 138 184 219 260 308 
595	309 
596	59 163 197 200 274 321 
597	188 
598	75 
599	58 175 194 215 225 244 
600	44 72 126 212 240 261 
601	66 69 77 155 180 211 
602	187 194 222 228 245 317 
603	20 85 152 201 232 316 
604	189 
605	44 
606	298 
607	73 
608	30 58 92 236 275 278 
609	327 
610	142 176 196 237 259 310 
611	120 
612	63 149 153 160 209 219 
613	210 
614	76 160 200 231 234 243 
615	2 66 131 203 241 270 
616	141 
617	24 30 58 147 310 327 
618	46 102 147 235 266 296 
619	198 
620	86 
621	69 
622	134 
623	71 119 123 132 198 251 
624	93 114 179 182 297 314 
625	164 
626	307 
627	85 
628	141 
629	11 50 142 176 205 222 
630	48 
631	77 
632	113 147 178 184 235 330 
633	260 
634	34 137 142 169 203 313 
635	117 
636	241 
637	57 123 188 246 295 317 
638	21 41 47 75 203 257 
639	135 
640	90 204 206 253 267 307 
641	280 
642	41 80 208 258 275 277 
643	177 
644	252 
645	11 32 106 203 211 217 
646	32 61 70 239 294 324 
647	221 
648	22 
649	232 
650	103 123 231 324 326 332 
651	320 
652	32 
653	18 44 50 151 185 265 
654	142 169 183 282 314 330 
655	35 
656	296 
657	240 
658	127 
659	66 
660	15 28 139 163 174 330 
661	61 
662	6 59 88 184 246 307 
663	3 92 137 159 165 177 
664	6 
665	51 
666	317 
667	167 
668	297 
669	221 
670	130 
671	96 
672	129 
673	224 
674	55 70 78 172 215 222 
675	18 119 203 244 266 310 
676	60 
677	45 110 202 235 241 312 
678	41 113 137 255 257 324 
679	70 124 189 220 268 278 
680	131 164 184 198 245 280 
681	17 32 65 122 147 194 
682	6 41 87 129 217 327 
683	3 20 27 247 283 291 
684	117 
685	112 207 219 240 260 303 
686	250 
687	238 
688	199 253 267 268 284 297 
689	148 
690	29 61 78 191 253 269 
691	193 
692	80 145 206 232 313 321 
693	70 
694	41 42 70 149 170 176 
695	110 179 182 197 282 292 
696	12 
697	113 
698	115 136 137 139 199 235 
699	271 
700	55 
701	33 
702	101 108 186 226 227 236 
703	8 56 88 109 144 315 
704	171 
705	55 59 136 144 205 275 
706	32 57 123 139 145 245 
707	17 40 70 104 142 268 
708	11 13 29 198 221 260 
709	57 64 174 255 306 328 
710	288 
711	29 42 122 171 226 303 
712	134 172 178 240 257 309 
713	223 
714	194 
715	114 
716	17 149 175 237 251 305 
717	158 
718	89 231 247 253 294 324 
719	64 135 164 293 325 332 
720	204 
721	254 
722	271 
723	179 
724	83 
725	39 46 47 175 237 299 
726	150 
727	14 69 119 139 204 235 
728	98 
729	112 157 206 265 267 302 
730	17 117 121 161 192 291 
731	1 
732	308 
733	307 
734	56 104 145 159 166 272 
735	1 29 120 250 281 329 
736	17 23 124 178 304 331 
737	47 
738	19 32 44 109 165 201 
739	212 
740	92 
741	46 117 150 206 232 304 
742	303 
743	300 
744	61 64 72 139 156 318 
745	41 46 137 141 187 271 
746	31 32 44 58 61 142 
747	38 80 96 97 142 145 
748	46 59 72 97 212 330 
749	16 135 167 185 261 324 
750	98 139 179 185 190 279 
751	296 
752	77 
753	302 
754	214 
755	177 178 185 246 310 311 
756	19 
757	327 
758	39 125 220 253 288 326 
759	86 121 182 190 291 311 
760	241 
761	137 
762	230 
763	56 72 190 236 311 326 
764	287 
765	6 36 108 186 237 270 
766	114 178 189 315 327 330 
767	191 
768	89 
769	210 
770	125 
771	29 50 90 157 214 290 
772	4 13 29 75 214 306 
773	77 
774	41 87 272 281 284 310 
775	268 
776	237 
777	18 84 152 225 288 295 
778	32 46 64 172 199 251 
779	20 27 67 119 177 251 
780	131 137 173 260 266 270 
781	273 
782	5 
783	194 
784	229 
785	77 
786	90 
787	113 
788	33 59 143 174 275 301 
789	48 66 85 168 250 306 
790	87 
791	3 8 27 79 236 301 
792	6 14 160 179 203 271 
793	144 
794	37 
795	8 
796	325 
797	59 
798	47 159 233 239 241 246 
799	33 53 66 235 255 282 
800	231 
801	147 
802	23 58 145 147 219 319 
803	86 
804	109 
805	9 
806	157 
807	112 
808	14 18 34 97 164 173 
809	297 
810	153 
811	286 
812	28 34 75 90 242 323 
813	8 
814	273 
815	220 
816	5 37 72 142 179 327 
817	22 101 209 266 272 311 
818	151 164 165 224 226 235 
819	290 
820	105 122 145 147 315 323 
821	39 122 167 193 265 314 
822	311 
823	102 
824	122 
825	296 
826	49 95 111 212 215 294 
827	247 
828	61 87 109 130 244 287 
829	34 
830	74 89 150 251 271 286 
831	21 
832	1 4 54 179 277 305 
833	165 
834	123 
835	30 
836	112 149 178 181 274 307 
837	42 47 145 159 203 233 
838	184 
839	10 46 183 243 251 265 
840	138 
841	307 
842	65 74 103 140 269 308 
843	10 126 138 162 214 267 
844	114 
845	244 
846	296 
847	116 168 245 272 288 293 
848	165 
849	239 
850	27 51 82 123 302 327 
851	160 210 251 272 273 330 
852	94 270 271 306 310 326 
853	3 11 163 247 271 330 
854	58 139 151 187 229 269 
855	5 97 203 246 269 274 
856	103 
857	276 
858	14 74 158 194 206 323 
859	10 49 105 236 254 275 
860	83 
861	229 
862	2 57 64 66 144 229 
863	29 80 191 303 326 331 
864	68 87 110 272 280 299 
865	100 172 214 275 304 313 
866	58 76 139 170 199 268 
867	179 
868	256 
869	76 
870	69 
871	66 99 111 183 275 331 
872	96 119 133 214 265 296 
873	10 32 110 218 265 309 
874	40 
875	4 10 119 189 302 329 
876	14 42 93 247 276 307 
877	63 69 109 126 227 255 
878	5 140 178 250 271 295 
879	257 
880	174 
881	239 
882	59 72 233 246 255 311 
883	260 
884	247 
885	69 
886	37 86 188 224 238 319 
887	113 
888	14 56 58 112 157 244 
889	55 
890	122 
891	68 75 156 296 299 326 
892	78 
893	71 92 148 227 260 311 
894	29 40 100 197 298 325 
895	67 110 175 251 263 299 
896	40 143 151 235 274 278 
897	146 
898	266 
899	24 
900	316 
901	64 114 131 163 211 281 
902	9 103 147 172 225 317 
903	114 
904	69 200 244 250 292 299 
905	4 8 50 79 195 202 
906	209 
907	37 41 90 131 182 265 
908	17 109 147 190 233 299 
909	28 60 181 240 250 330 
910	215 
911	260 
912	101 158 185 273 283 287 
913	110 
914	6 40 55 60 71 177 
915	73 100 203 263 319 322 
916	236 
917	29 33 46 61 128 147 
918	1 125 163 179 261 277 
919	76 168 239 274 291 309 
920	14 103 153 189 231 282 
921	100 107 171 178 215 223 
922	57 
923	60 150 162 183 195 270 
924	135 138 170 217 245 330 
925	127 
926	60 64 78 183 281 296 
927	219 
928	37 142 174 234 266 285 
929	124 
930	146 
931	100 
932	145 171 223 226 250 275 
933	29 41 42 73 96 150 
934	76 
935	25 
936	145 
937	44 64 79 165 179 310 
938	308 
939	37 64 152 239 258 267 
940	254 
941	179 
942	309 
943	23 43 120 122 223 267 
944	231 271 296 317 318 326 
945	249 
946	18 42 74 87 201 306 
947	71 
948	168 
949	162 
950	13 202 219 261 263 298 
951	3 107 126 176 238 313 
952	101 132 156 239 263 322 
953	279 
954	7 41 94 190 212 226 
955	7 40 81 102 141 146 
956	70 
957	178 
958	122 
959	123 128 143 189 191 244 
960	35 58 79 136 146 183 
961	328 
962	8 170 181 184 244 289 
963	233 
964	175 
965	19 
966	118 
967	257 
968	216 
969	50 102 185 215 267 278 
970	63 75 190 236 240 250 
971	232 
972	64 
973	147 
974	15 75 141 162 172 192 
975	59 
976	48 69 134 149 164 246 
977	13 94 147 162 282 309 
978	14 
979	125 
980	145 158 176 182 262 283 
981	120 205 223 285 297 319 
982	135 148 179 210 234 275 
983	110 122 137 201 288 301 
984	85 
985	229 
986	147 
987	115 148 187 212 248 288 
988	103 
989	70 81 113 215 288 294 
990	267 
991	245 
992	299 
993	226 
994	53 78 122 231 306 320 
995	4 90 97 98 234 316 
996	17 40 99 108 172 227 
997	249 
998	45 61 66 140 142 310 
999	70 120 193 222 246 269 
1000	51 143 149 190 317 324 
1001	99 
1002	87 
1003	23 46 101 158 174 214 
1004	43 45 117 189 251 314 
1005	224 
1006	190 
1007	45 78 116 130 143 230 
1008	155 
1009	1 55 188 222 236 322 
1010	29 
1011	37 100 247 289 311 322 
1012	90 149 161 270 309 319 
1013	244 
1014	30 51 60 68 164 287 
1015	3 18 101 270 273 325 
1016	203 
1017	21 25 32 53 108 244 
1018	108 
1019	260 
1020	102 242 269 274 300 307 
1021	149 196 231 256 290 301 
1022	152 
1023	114 
1024	61 129 172 190 276 306 
1025	244 
1026	207 
1027	250 
1028	15 
1029	273 
1030	29 74 76 169 279 329 
1031	236 
1032	34 40 48 160 204 285 
1033	265 
1034	85 
1035	174 
1036	286 
1037	34 70 95 210 248 282 
1038	321 
1039	84 105 216 258 262 283 
1040	32 114 187 246 247 266 
1041	9 
1042	139 
1043	158 
1044	184 
1045	250 
1046	25 119 136 192 236 272 
1047	22 199 209 241 255 268 
1048	27 86 186 233 235 256 
1049	30 67 150 158 270 310 
1050	171 
1051	144 
1052	178 
1053	87 105 141 183 291 306 
1054	6 14 16 119 225 250 
1055	51 
1056	184 
1057	27 33 67 87 158 177 
1058	114 
1059	311 
1060	317 
1061	66 
1062	174 
1063	281 
1064	208 
1065	310 
1066	277 
1067	211 
1068	122 128 133 222 233 275 
1069	50 76 85 109 145 161 
1070	78 97 127 158 182 287 
1071	266 
1072	158 
1073	319 
1074	318 
1075	83 88 113 175 282 320 
1076	105 252 267 271 274 312 
1077	142 
1078	191 
1079	121 127 231 285 288 297 
1080	159 
1081	162 
1082	60 
1083	23 79 107 120 129 289 
1084	193 
1085	101 
1086	259 
1087	109 206 210 247 309 327 
1088	33 42 168 186 234 250 
1089	167 238 278 292 307 327 
1090	23 86 129 169 209 303 
1091	86 103 148 182 184 251 
1092	27 93 190 203 219 253 
1093	157 165 185 186 307 331 
1094	128 
1095	255 
1096	12 83 168 184 194 284 
1097	2 23 80 142 288 305 
1098	113 147 183 184 221 280 
1099	40 
1100	48 59 170 248 268 274 
1101	45 
1102	142 
1103	131 158 178 220 325 327 
1104	127 
1105	50 67 72 129 145 306 
1106	70 
1107	112 122 191 225 294 295 
1108	323 
1109	75 
1110	215 
1111	27 
1112	58 90 103 271 302 310 
1113	251 
1114	42 
1115	117 219 242 246 295 306 
1116	100 
1117	11 69 150 152 183 242 
1118	7 15 60 61 122 329 
1119	236 
1120	30 66 72 111 171 235 
1121	194 
1122	159 186 243 247 261 306 
1123	209 
1124	96 128 145 212 214 306 
1125	173 
1126	15 
1127	59 86 87 104 117 223 
1128	9 54 101 248 264 296 
1129	193 
1130	44 58 132 140 150 186 
1131	272 
1132	19 116 132 153 203 221 
1133	240 
1134	3 47 134 173 184 226 
1135	14 28 117 142 173 185 
1136	17 33 135 136 264 319 
1137	249 
1138	13 
1139	43 52 142 155 196 330 
1140	12 18 31 46 103 230 
1141	19 167 175 215 275 311 
1142	2 187 203 221 277 287 
1143	1 103 144 158 277 306 
1144	73 
1145	57 124 139 180 240 247 
1146	64 119 272 283 302 309 
1147	72 74 177 178 232 267 
1148	56 103 182 190 247 302 
1149	75 103 170 265 271 315 
1150	13 56 116 231 233 240 
1151	36 48 75 111 132 204 
1152	165 
1153	84 
1154	99 
1155	13 31 202 262 266 272 
1156	114 116 140 161 247 270 
1157	97 113 171 180 257 301 
1158	45 64 83 112 137 193 
1159	170 
1160	146 
1161	83 
1162	64 
1163	39 61 73 122 198 218 
1164	86 115 177 235 329 330 
1165	160 
1166	19 40 124 220 221 326 
1167	37 49 82 108 122 295 
1168	27 166 193 227 247 311 
1169	74 125 156 272 285 307 
1170	113 
1171	24 
1172	15 
1173	127 
1174	236 
1175	239 
1176	1 2 35 99 185 277 
1177	53 
1178	110 
1179	256 
1180	45 71 168 177 295 327 
1181	47 78 165 203 228 308 
1182	323 
1183	6 7 9 100 245 316 
1184	79 
1185	75 97 146 175 177 195 
1186	14 162 236 253 263 272 
1187	65 
1188	78 
1189	125 158 187 227 302 307 
1190	35 
1191	2 13 156 206 226 244 
1192	52 120 186 272 277 310 
1193	115 
1194	15 74 88 162 266 274 
1195	276 
1196	162 
1197	133 
1198	267 
1199	117 173 211 274 289 299 
1200	118 
1201	6 124 136 161 263 325 
1202	283 
1203	290 
1204	90 112 124 193 209 219 
1205	84 
1206	223 
1207	61 89 103 150 154 288 
1208	213 
1209	274 
1210	87 
1211	60 85 124 243 260 294 
1212	161 
1213	3 11 31 54 135 260 
1214	23 85 182 183 184 237 
1215	25 
1216	58 
1217	12 46 67 228 284 294 
1218	157 
1219	23 
1220	61 95 178 267 295 328 
1221	6 41 110 145 155 293 
1222	45 100 114 180 211 286 
1223	29 156 189 223 269 274 
1224	184 
1225	128 174 242 291 294 315 
1226	191 246 272 274 295 317 
1227	128 
1228	300 
1229	41 
1230	98 
1231	320 
1232	140 
1233	216 
1234	48 
1235	55 189 194 222 275 310 
1236	94 101 104 112 271 306 
1237	49 
1238	100 115 140 223 278 283 
1239	40 63 149 252 262 267 
1240	16 41 55 65 270 290 
1241	317 
1242	66 
1243	10 25 42 50 228 271 
1244	66 
1245	108 110 138 159 239 307 
1246	150 
1247	95 101 110 235 242 275 
1248	124 
1249	27 75 141 149 175 288 
1250	264 
1251	200 
1252	80 99 133 222 239 305 
1253	34 116 187 199 256 327 
1254	102 109 181 192 278 299 
1255	37 55 165 236 246 248 
1256	80 158 181 187 209 231 
1257	50 81 124 216 265 330 
1258	71 100 199 248 250 274 
1259	28 34 119 186 265 329 
1260	307 
1261	7 
1262	50 101 110 145 225 229 
1263	70 74 164 241 261 321 
1264	182 
1265	140 
1266	159 
1267	107 
1268	262 
1269	303 
1270	213 
1271	275 
1272	274 
1273	90 109 182 251 267 306 
1274	273 
1275	50 59 107 174 203 225 
1276	239 
1277	157 
1278	279 
1279	232 
1280	66 91 120 153 250 307 
1281	214 
1282	66 95 245 270 303 305 
1283	17 94 126 140 146 186 
1284	150 160 186 239 272 299 
1285	122 132 199 255 265 302 
1286	247 
1287	9 72 123 130 136 195 
1288	99 
1289	103 107 109 188 260 300 
1290	250 
1291	42 86 144 182 220 244 
1292	206 
1293	202 
1294	6 29 120 212 243 301 
1295	270 
1296	142 145 205 261 271 302 
1297	66 
1298	101 
1299	3 69 108 110 134 138 
1300	310 
1301	287 
1302	33 
1303	62 
1304	59 60 232 233 271 313 
1305	32 
1306	41 128 209 260 266 305 
1307	62 64 66 142 147 211 
1308	330 
1309	122 
1310	238 
1311	189 
1312	86 91 152 204 211 233 
1313	183 215 263 266 272 274 
1314	2 
1315	5 45 117 121 302 327 
1316	160 
1317	52 88 98 108 114 300 
1318	328 
1319	73 178 195 224 235 245 
1320	86 139 167 235 255 277 
1321	36 
1322	4 
1323	136 
1324	286 
1325	58 
1326	249 
1327	108 151 185 235 248 255 
1328	110 
1329	145 
1330	46 54 99 105 194 325 
1331	14 50 65 203 244 287 
1332	141 169 185 214 299 302 
1333	275 
1334	13 110 124 211 296 329 
1335	38 122 199 231 261 312 
1336	276 
1337	151 
1338	150 
1339	6 57 70 223 277 288 
1340	10 35 71 192 219 234 
1341	25 41 57 76 310 330 
1342	121 
1343	85 98 172 178 294 319 
1344	5 54 59 64 198 246 
1345	294 
1346	103 109 134 212 243 312 
1347	6 27 69 70 183 229 
1348	14 110 143 166 185 186 
1349	87 99 113 145 231 290 
1350	220 
1351	5 66 147 189 215 242 
1352	27 147 219 220 267 315 
1353	14 43 59 71 122 166 
1354	25 202 208 231 271 292 
1355	265 
1356	5 50 192 218 279 306 
1357	23 109 141 216 241 304 
1358	38 152 160 170 239 261 
1359	317 
1360	59 
1361	73 105 181 193 253 273 
1362	71 
1363	102 205 235 237 244 310 
1364	41 64 100 117 207 295 
1365	12 76 149 226 265 276 
1366	174 
1367	99 164 177 193 221 297 
1368	329 
1369	1 48 59 188 251 300 
1370	35 
1371	202 
1372	301 
1373	40 
1374	53 
1375	198 
1376	315 
1377	90 91 142 209 215 284 
1378	10 
1379	147 
1380	307 
1381	33 91 115 186 268 279 
1382	76 
1383	194 
1384	182 
1385	60 61 76 118 200 297 
1386	327 
1387	233 
1388	5 52 84 87 174 276 
1389	23 199 247 286 311 318 
1390	100 102 153 193 243 299 
1391	84 
1392	60 66 304 307 311 314 
1393	40 117 204 206 285 294 
1394	11 53 72 145 216 222 
1395	316 
1396	247 
1397	286 
1398	116 
1399	41 
1400	209 
1401	119 142 194 201 286 297 
1402	37 48 52 80 103 126 
1403	192 
1404	52 65 95 132 231 255 
1405	104 
1406	35 67 72 133 145 324 
1407	3 52 121 183 245 270 
1408	58 72 153 162 187 273 
1409	59 78 101 108 164 220 
1410	219 
1411	204 
1412	37 70 129 251 327 329 
1413	273 
1414	23 72 121 189 225 309 
1415	69 135 208 219 289 291 
1416	13 66 151 203 219 314 
1417	149 
1418	114 157 162 188 244 330 
1419	159 
1420	75 
1421	10 
1422	11 46 206 209 313 318 
1423	228 
1424	99 
1425	111 156 217 227 236 279 
1426	24 
1427	138 
1428	168 
1429	302 
1430	66 
1431	10 25 75 87 159 311 
1432	132 
1433	70 
1434	49 136 144 215 241 271 
1435	142 
1436	24 105 200 246 272 295 
1437	52 
1438	46 100 150 233 260 268 
1439	36 93 108 150 201 233 
1440	304 
1441	6 14 64 89 228 248 
1442	99 146 152 214 265 330 
1443	267 
1444	51 78 140 149 222 257 
1445	38 233 257 278 286 300 
1446	83 
1447	114 
1448	89 91 141 178 195 229 
1449	8 105 113 129 236 254 
1450	250 
1451	273 
1452	29 78 94 151 163 271 
1453	162 
1454	50 
1455	167 
1456	105 
1457	319 
1458	139 
1459	29 
1460	149 
1461	64 99 109 124 237 249 
1462	274 
1463	256 
1464	40 79 105 114 199 233 
1465	297 
1466	219 
1467	323 
1468	8 74 135 246 329 331 
1469	20 49 75 92 207 281 
1470	296 
1471	96 129 136 259 269 310 
1472	305 
1473	38 109 112 150 218 229 
1474	7 49 99 108 179 186 
1475	11 
1476	90 
1477	46 86 119 185 269 309 
1478	10 80 100 103 125 177 
1479	46 
1480	161 
1481	214 
1482	247 
1483	10 109 168 194 235 239 
1484	235 
1485	93 
1486	56 203 218 246 265 271 
1487	209 
1488	61 
1489	112 
1490	10 188 225 274 296 306 
1491	10 32 58 78 151 260 
1492	23 174 179 188 304 315 
1493	29 66 203 215 263 274 
1494	2 12 114 167 211 241 
1495	45 56 233 239 308 330 
1496	331 
1497	33 53 95 250 296 312 
1498	62 72 138 222 239 286 
1499	221 
1500	98 
1501	287 
1502	89 
1503	58 118 179 231 305 323 
1504	136 
1505	121 125 158 204 240 251 
1506	13 
1507	283 
1508	28 82 118 134 153 250 
1509	142 
1510	244 
1511	146 210 234 235 251 317 
1512	29 170 171 277 310 315 
1513	11 45 136 191 215 320 
1514	39 
1515	60 108 112 116 204 284 
1516	11 62 115 172 225 320 
1517	83 
1518	316 
1519	87 91 120 139 303 307 
1520	150 
1521	102 
1522	42 75 103 118 167 279 
1523	44 76 139 166 214 290 
1524	140 
1525	74 75 138 241 261 325 
1526	108 161 276 312 317 332 
1527	2 47 129 166 242 252 
1528	238 
1529	235 
1530	44 99 105 235 259 266 
1531	40 168 179 187 223 330 
1532	12 27 176 209 260 279 
1533	67 85 171 209 231 262 
1534	87 114 200 213 240 275 
1535	112 137 147 223 248 297 
1536	269 
1537	190 
1538	32 
1539	129 235 259 267 305 309 
1540	48 61 110 191 193 274 
1541	66 
1542	75 
1543	68 
1544	63 215 218 232 235 297 
1545	21 22 41 56 251 272 
1546	94 101 207 270 273 327 
1547	105 
1548	42 86 109 188 203 287 
1549	104 
1550	135 
1551	175 
1552	90 145 156 163 189 246 
1553	150 
1554	244 
1555	35 107 195 198 260 287 
1556	50 67 100 205 276 300 
1557	244 
1558	137 
1559	40 124 234 235 236 237 
1560	6 199 239 242 282 322 
1561	330 
1562	66 
1563	12 182 188 194 214 298 
1564	25 74 103 187 272 287 
1565	280 
1566	5 
1567	60 115 168 190 221 228 
1568	130 
1569	83 
1570	134 
1571	95 145 149 225 321 328 
1572	11 111 142 230 248 263 
1573	278 
1574	59 110 233 264 310 311 
1575	101 
1576	102 
1577	55 112 153 192 266 313 
1578	181 
1579	55 
1580	48 
1581	3 46 170 179 240 312 
1582	38 
1583	199 211 225 232 246 273 
1584	107 127 150 162 165 185 
1585	81 118 169 190 203 217 
1586	61 
1587	6 44 65 125 147 160 
1588	159 
1589	188 
1590	75 169 177 194 235 255 
1591	212 
1592	17 64 67 246 257 313 
1593	56 168 187 246 280 328 
1594	56 81 147 255 260 261 
1595	117 
1596	5 17 116 147 187 300 
1597	4 7 128 155 271 311 
1598	227 
1599	45 
1600	327 
1601	75 
1602	12 
1603	67 72 168 202 262 319 
1604	1 29 140 149 252 277 
1605	36 
1606	154 158 166 255 264 316 
1607	1 15 73 182 238 269 
1608	251 
1609	95 146 192 200 246 277 
1610	132 140 155 204 251 316 
1611	106 
1612	308 
1613	226 
1614	327 
1615	79 166 202 239 268 309 
1616	62 
1617	48 68 137 278 302 323 
1618	60 90 97 106 272 274 
1619	111 183 186 267 300 317 
1620	12 
1621	254 
1622	56 
1623	282 
1624	169 241 286 310 314 317 
1625	281 
1626	61 164 223 244 250 332 
1627	17 58 85 116 171 251 
1628	13 14 87 90 114 271 
1629	6 12 169 181 211 320 
1630	78 
1631	15 75 112 144 151 239 
1632	34 69 95 195 254 288 
1633	14 
1634	124 
1635	92 
1636	5 31 66 94 285 299 
1637	320 
1638	202 
1639	46 72 90 136 140 283 
1640	64 70 91 202 293 306 
1641	33 75 85 102 242 275 
1642	32 37 60 156 214 266 
1643	7 8 221 256 261 277 
1644	1 13 17 80 92 266 
1645	165 
1646	284 
1647	11 54 76 88 131 272 
1648	60 99 120 129 202 209 
1649	74 113 150 204 258 263 
1650	206 
1651	265 
1652	122 
1653	8 14 122 182 317 332 
1654	25 42 111 114 150 174 
1655	245 
1656	250 
1657	2 12 95 127 147 238 
1658	16 17 29 67 101 194 
1659	19 64 92 141 222 331 
1660	33 
1661	297 
1662	17 28 177 245 253 267 
1663	100 183 207 249 272 302 
1664	12 14 182 239 307 315 
1665	64 122 183 266 269 331 
1666	12 59 86 93 138 326 
1667	95 211 227 272 289 307 
1668	29 87 148 186 199 244 
1669	46 
1670	75 159 186 282 292 328 
1671	26 39 43 130 188 233 
1672	206 
1673	284 
1674	25 149 237 261 306 321 
1675	70 79 126 204 220 310 
1676	206 
1677	60 103 140 187 204 316 
1678	4 
1679	77 100 110 173 250 324 
1680	159 
1681	188 196 221 235 260 326 
1682	221 
1683	13 67 147 279 283 297 
1684	59 
1685	261 
1686	170 
1687	11 
1688	32 
1689	74 
1690	16 131 179 190 217 331 
1691	150 
1692	216 
1693	14 91 167 214 250 272 
1694	27 75 109 116 145 332 
1695	33 48 53 119 139 317 
1696	41 
1697	66 114 122 162 177 183 
1698	307 
1699	3 14 47 91 120 306 
1700	179 
1701	75 
1702	89 
1703	7 111 137 139 226 255 
1704	13 40 56 110 159 307 
1705	224 
1706	7 75 122 282 292 305 
1707	13 47 93 216 244 330 
1708	179 
1709	119 153 186 229 243 290 
1710	7 200 232 235 287 319 
1711	23 
1712	22 70 98 150 227 301 
1713	3 86 140 219 245 310 
1714	221 
1715	54 172 226 285 286 305 
1716	4 80 186 221 231 329 
1717	58 
1718	60 64 94 226 249 329 
1719	60 109 231 233 259 266 
1720	325 
1721	278 
1722	253 
1723	97 111 182 192 204 212 
1724	54 
1725	95 221 251 256 308 325 
1726	238 
1727	122 
1728	117 
1729	2 41 71 174 240 275 
1730	13 81 98 117 183 274 
1731	73 
1732	3 122 140 183 187 221 
1733	317 
1734	9 46 100 119 147 297 
1735	139 
1736	299 
1737	189 
1738	29 95 191 235 266 329 
1739	144 
1740	41 86 113 193 288 313 
1741	240 241 242 250 268 317 
1742	91 
1743	49 111 188 193 233 267 
1744	288 
1745	239 
1746	32 
1747	71 
1748	266 
1749	79 95 145 146 152 209 
1750	215 
1751	262 
1752	214 
1753	17 94 244 277 326 327 
1754	155 
1755	330 
1756	259 
1757	68 
1758	86 
1759	208 
1760	203 
1761	244 
1762	53 
1763	7 187 221 234 261 329 
1764	16 141 148 198 309 324 
1765	82 133 174 189 214 260 
1766	22 130 165 169 264 265 
1767	193 
1768	227 
1769	300 
1770	15 45 61 186 206 321 
1771	272 
1772	3 22 136 265 285 297 
1773	115 
1774	55 
1775	14 64 199 211 212 274 
1776	174 
1777	238 
1778	44 201 222 250 253 274 
1779	9 14 40 163 244 330 
1780	105 113 185 284 292 329 
1781	38 61 91 153 246 265 
1782	1 61 67 236 260 262 
1783	330 
1784	83 
1785	7 94 190 237 262 297 
1786	194 
1787	49 50 145 240 252 282 
1788	67 73 138 140 272 327 
1789	240 
1790	58 
1791	272 
1792	296 
1793	23 
1794	7 81 122 149 290 322 
1795	1 67 86 177 184 209 
1796	32 87 138 160 173 313 
1797	7 62 136 161 183 215 
1798	229 
1799	223 
1800	71 80 124 179 217 325 
1801	46 
1802	3 5 42 44 202 210 
1803	229 
1804	11 81 115 271 284 323 
1805	289 
1806	250 
1807	216 
1808	157 
1809	214 
1810	168 
1811	79 114 204 210 275 327 
1812	286 
1813	121 146 208 228 252 329 
1814	125 150 179 223 258 299 
1815	23 43 78 92 183 328 
1816	69 
1817	200 
1818	83 108 187 192 214 296 
1819	73 
1820	15 78 80 121 169 188 
1821	285 
1822	113 
1823	110 
1824	297 
1825	169 
1826	235 
1827	98 
1828	72 101 127 209 273 301 
1829	9 42 62 193 246 322 
1830	114 179 205 225 237 262 
1831	22 
1832	9 103 134 149 198 206 
1833	4 32 43 59 133 227 
1834	236 
1835	71 111 170 261 287 310 
1836	202 
1837	59 147 205 207 257 264 
1838	87 138 162 209 232 245 
1839	110 
1840	140 
1841	138 
1842	62 95 108 264 298 330 
1843	42 112 119 236 263 330 
1844	108 110 193 204 260 268 
1845	151 
1846	19 175 205 244 315 319 
1847	110 
1848	139 
1849	125 
1850	53 185 198 204 235 244 
1851	123 
1852	18 
1853	81 114 151 232 244 265 
1854	76 100 129 172 266 327 
1855	141 
1856	75 209 254 270 295 300 
1857	33 131 153 171 185 203 
1858	14 40 83 121 157 280 
1859	100 153 160 191 225 300 
1860	41 
1861	270 
1862	26 50 59 222 244 300 
1863	287 
1864	9 45 54 73 243 325 
1865	16 59 81 196 212 328 
1866	3 162 199 246 251 289 
1867	17 126 188 211 270 286 
1868	317 
1869	3 177 245 254 280 324 
1870	263 
1871	13 46 85 163 171 190 
1872	274 
1873	235 
1874	215 
1875	30 48 233 244 268 314 
1876	204 
1877	208 
1878	37 179 211 251 276 328 
1879	60 86 144 169 188 279 
1880	200 
1881	9 150 187 221 279 327 
1882	15 97 109 141 144 156 
1883	246 
1884	326 
1885	273 
1886	316 
1887	149 
1888	50 73 77 160 213 302 
1889	323 
1890	286 
1891	11 15 26 139 147 274 
1892	39 
1893	45 80 94 152 272 303 
1894	23 48 116 272 277 305 
1895	29 67 74 125 160 223 
1896	68 98 120 182 250 287 
1897	138 
1898	177 187 213 270 282 313 
1899	60 
1900	18 56 90 101 126 244 
1901	59 125 177 210 243 287 
1902	66 133 146 181 189 260 
1903	324 
1904	10 22 67 187 204 231 
1905	282 
1906	115 
1907	16 45 171 219 240 325 
1908	33 81 119 198 204 242 
1909	259 
1910	34 40 115 221 223 253 
1911	306 
1912	74 226 231 243 290 310 
1913	182 
1914	29 43 98 166 251 291 
1915	257 
1916	256 
1917	50 73 108 150 307 310 
1918	32 60 175 213 275 323 
1919	155 215 223 239 300 319 
1920	234 
1921	46 60 109 155 177 304 
1922	17 64 90 104 184 297 
1923	17 38 96 195 212 309 
1924	195 
1925	231 
1926	11 67 76 89 114 288 
1927	46 89 143 274 277 301 
1928	142 
1929	73 
1930	92 112 126 139 241 247 
1931	147 
1932	95 
1933	48 124 235 272 279 287 
1934	24 37 102 129 197 242 
1935	125 
1936	101 
1937	60 102 111 147 266 306 
1938	138 
1939	311 
1940	304 
1941	40 153 183 191 226 233 
1942	2 48 128 217 241 287 
1943	78 
1944	101 116 203 225 257 284 
1945	96 
1946	48 100 103 107 147 228 
1947	39 69 170 183 236 302 
1948	85 138 230 288 297 317 
1949	109 
1950	147 
1951	6 40 46 202 261 284 
1952	166 
1953	69 87 101 119 232 285 
1954	283 
1955	63 75 135 204 262 316 
1956	59 
1957	4 
1958	184 
1959	10 70 88 112 176 287 
1960	41 83 103 180 222 329 
1961	41 66 82 153 198 245 
1962	86 174 212 215 233 264 
1963	56 112 145 158 160 224 
1964	120 
1965	17 64 96 115 149 221 
1966	134 
1967	39 95 122 206 239 254 
1968	109 124 141 151 164 211 
1969	301 
1970	130 
1971	69 
1972	12 102 180 214 286 295 
1973	142 
1974	2 13 29 114 229 268 
1975	287 
1976	20 59 116 272 305 326 
1977	57 68 80 124 208 327 
1978	46 84 203 213 286 295 
1979	20 79 101 149 191 321 
1980	14 221 261 286 318 330 
1981	86 
1982	91 162 195 274 292 332 
1983	40 75 115 146 188 311 
1984	214 
1985	195 
1986	35 37 144 196 211 248 
1987	57 160 164 170 248 307 
1988	310 
1989	261 
1990	68 98 104 119 182 211 
1991	3 95 97 186 228 328 
1992	75 130 138 139 155 315 
1993	94 
1994	70 75 99 294 296 299 
1995	41 122 159 246 270 332 
1996	269 
1997	121 
1998	10 44 67 171 205 293 
1999	97 110 168 187 277 321 
2000	24 86 178 203 257 300 
2001	275 
2002	309 
2003	55 
2004	62 
2005	91 
2006	23 50 60 126 230 233 
2007	161 
2008	81 
2009	13 27 129 209 214 300 
2010	71 146 186 213 266 269 
2011	196 
2012	123 
2013	273 
2014	231 
2015	34 51 167 186 198 317 
2016	244 
2017	40 45 122 211 240 242 
2018	95 
2019	265 
2020	73 112 142 179 225 330 
2021	83 
2022	10 84 100 150 172 296 
2023	299 
2024	31 50 117 131 149 254 
2025	101 117 136 224 282 318 
2026	17 72 105 144 195 235 
2027	236 
2028	225 
2029	8 146 154 261 286 332 
2030	297 
2031	143 
2032	190 
2033	9 146 245 270 289 311 
2034	150 222 246 272 279 310 
2035	92 100 204 236 237 261 
2036	65 183 243 246 326 330 
2037	178 
2038	289 
2039	3 122 186 253 264 275 
2040	64 
2041	202 
2042	53 94 119 146 274 275 
2043	101 128 218 220 224 295 
2044	203 
2045	183 
2046	188 
2047	189 
2048	3 4 34 208 270 274 
2049	159 
2050	34 
2051	72 
2052	14 100 119 214 296 299 
2053	65 
2054	47 122 212 265 292 310 
2055	76 145 147 178 187 301 
2056	33 87 95 261 298 330 
2057	139 
2058	10 114 149 230 237 310 
2059	239 
2060	84 
2061	296 
2062	5 76 102 226 227 308 
2063	188 
2064	239 
2065	6 25 110 254 273 326 
2066	166 
2067	209 
2068	135 
2069	72 75 80 142 195 314 
2070	86 92 144 236 263 305 
2071	152 163 225 258 295 317 
2072	24 80 189 247 273 310 
2073	153 
2074	213 
2075	4 27 120 184 211 240 
2076	43 172 174 175 260 261 
2077	273 
2078	157 
2079	145 
2080	243 
2081	30 
2082	1 
2083	109 
2084	198 
2085	76 
2086	122 
2087	13 192 213 273 310 313 
2088	239 
2089	84 139 170 189 199 251 
2090	143 
2091	31 72 133 157 226 327 
2092	16 52 143 144 224 330 
2093	26 69 99 114 219 297 
2094	87 96 201 307 315 321 
2095	44 51 103 180 287 311 
2096	267 
2097	60 
2098	307 
2099	70 211 228 270 283 321 
2100	17 64 183 206 241 250 
2101	160 
2102	3 10 124 144 184 214 
2103	327 
2104	32 65 116 209 226 236 
2105	41 72 164 180 236 272 
2106	118 
2107	147 176 232 270 289 317 
2108	31 50 91 171 222 236 
2109	50 60 61 177 214 301 
2110	250 
2111	37 131 165 267 286 300 
2112	2 5 137 155 211 216 
2113	256 
2114	90 
2115	297 
2116	54 66 114 169 177 191 
2117	127 157 296 298 317 319 
2118	25 90 140 149 260 311 
2119	26 87 167 174 203 213 
2120	23 33 86 275 299 330 
2121	188 
2122	44 90 92 211 222 311 
2123	103 
2124	68 185 237 286 324 325 
2125	44 
2126	286 
2127	13 58 112 233 244 275 
2128	85 
2129	45 131 229 261 272 308 
2130	73 
2131	48 
2132	87 
2133	317 
2134	1 110 240 244 271 277 
2135	39 81 225 244 245 284 
2136	14 44 53 129 256 263 
2137	199 
2138	58 
2139	13 101 112 118 124 160 
2140	280 
2141	78 142 155 184 201 211 
2142	51 99 166 262 277 288 
2143	23 
2144	235 
2145	23 78 95 122 126 212 
2146	100 
2147	18 44 155 160 192 215 
2148	2 
2149	134 
2150	94 136 233 247 254 285 
2151	216 
2152	302 
2153	42 
2154	63 64 86 227 237 300 
2155	53 84 98 197 200 310 
2156	113 
2157	37 90 220 241 296 310 
2158	129 142 148 179 258 293 
2159	53 67 90 182 226 242 
2160	168 
2161	313 
2162	41 188 200 210 230 246 
2163	146 187 219 244 275 321 
2164	83 84 172 181 297 331 
2165	129 237 286 291 294 310 
2166	184 
2167	63 154 177 202 251 252 
2168	283 
2169	12 
2170	157 
2171	257 
2172	35 60 107 252 271 315 
2173	142 145 179 254 266 270 
2174	140 147 160 166 274 331 
2175	190 
2176	15 64 102 146 226 274 
2177	6 37 185 189 204 289 
2178	13 20 75 101 282 297 
2179	228 
2180	295 
2181	8 13 60 191 304 320 
2182	9 54 74 138 142 271 
2183	95 
2184	209 
2185	202 
2186	103 146 164 274 320 321 
2187	279 
2188	52 190 199 200 293 311 
2189	100 
2190	332 
2191	23 95 172 219 275 297 
2192	98 
2193	75 
2194	119 
2195	297 
2196	324 
2197	155 
2198	10 77 143 189 209 277 
2199	52 
2200	39 48 79 105 175 186 
2201	330 
2202	3 17 20 93 139 221 
2203	29 
2204	153 162 233 265 275 321 
2205	125 
2206	299 
2207	214 
2208	110 
2209	297 
2210	59 69 192 221 271 282 
2211	28 110 181 203 209 260 
2212	57 114 211 244 278 295 
2213	274 
2214	24 32 33 59 146 280 
2215	34 
2216	201 
2217	118 
2218	133 
2219	167 195 244 260 277 306 
2220	58 
2221	41 56 89 91 125 204 
2222	134 178 214 215 238 246 
2223	44 
2224	293 
2225	228 
2226	32 68 129 196 203 264 
2227	228 
2228	131 183 189 215 247 296 
2229	36 59 65 141 144 314 
2230	4 144 161 211 270 311 
2231	204 
2232	30 40 127 168 240 319 
2233	100 124 142 176 207 266 
2234	54 110 162 231 326 330 
2235	106 111 161 173 194 198 
2236	80 135 163 224 269 289 
2237	37 
2238	8 152 190 209 275 282 
2239	262 
2240	33 
2241	88 95 165 194 308 322 
2242	281 
2243	317 
2244	234 
2245	65 
2246	41 
2247	43 89 102 206 223 286 
2248	277 
2249	58 101 108 166 192 226 
2250	109 115 156 203 214 302 
2251	317 
2252	14 71 75 94 183 271 
2253	41 
2254	40 59 94 112 206 330 
2255	26 61 100 177 286 296 
2256	268 
2257	107 
2258	327 
2259	5 
2260	74 135 145 273 300 311 
2261	314 
2262	44 122 136 178 179 270 
2263	17 59 87 196 283 328 
2264	247 
2265	54 
2266	279 
2267	14 61 233 251 268 305 
2268	57 67 132 234 267 311 
2269	183 
2270	45 
2271	53 60 100 187 211 260 
2272	225 
2273	34 158 159 261 277 291 
2274	70 142 151 270 290 321 
2275	49 
2276	87 
2277	1 
2278	112 
2279	102 
2280	110 
2281	96 
2282	107 
2283	287 
2284	87 137 156 288 299 302 
2285	32 37 99 150 286 322 
2286	46 85 120 234 251 272 
2287	298 
2288	89 120 173 179 211 215 
2289	52 108 112 144 181 287 
2290	199 
2291	32 105 134 260 281 331 
2292	45 116 134 270 287 312 
2293	139 
2294	67 
2295	51 200 214 238 266 268 
2296	2 211 224 251 299 331 
2297	91 126 148 214 307 329 
2298	63 88 155 240 267 279 
2299	314 
2300	9 41 73 98 157 279 
2301	60 100 111 186 250 278 
2302	22 46 137 190 244 326 
2303	92 
2304	65 69 137 157 271 311 
2305	125 
2306	53 
2307	274 
2308	199 
2309	11 17 41 54 149 276 
2310	79 
2311	4 42 65 161 182 260 
2312	146 232 240 296 307 330 
2313	27 63 66 149 219 231 
2314	130 180 223 246 265 272 
2315	98 
2316	5 14 53 70 181 261 
2317	21 126 228 236 247 249 
2318	32 92 145 237 290 332 
2319	160 
2320	3 126 128 265 280 287 
2321	109 171 233 241 251 299 
2322	34 40 52 80 283 328 
2323	267 
2324	53 82 98 119 190 196 
2325	189 
2326	266 
2327	31 72 109 132 175 263 
2328	236 
2329	319 
2330	105 
2331	205 
2332	308 
2333	89 
2334	150 
2335	211 
2336	2 34 46 139 149 327 
2337	71 81 87 156 177 327 
2338	22 
2339	286 
2340	174 
2341	61 103 106 110 138 198 
2342	108 
2343	132 
2344	5 40 93 99 119 121 
2345	262 
2346	332 
2347	180 
2348	33 
2349	299 
2350	305 
2351	23 
2352	14 110 177 262 271 292 
2353	199 
2354	101 201 202 272 282 295 
2355	21 
2356	274 
2357	3 61 94 211 309 331 
2358	73 
2359	1 75 95 158 253 330 
2360	16 67 163 203 274 328 
2361	94 
2362	49 107 235 238 283 286 
2363	1 17 31 53 149 198 
2364	139 166 180 188 265 298 
2365	8 27 70 130 209 220 
2366	23 
2367	61 67 109 155 261 279 
2368	23 
2369	11 134 142 160 205 270 
2370	235 
2371	30 36 59 112 131 179 
2372	65 198 205 241 280 287 
2373	17 61 66 90 107 199 
2374	17 162 179 181 249 251 
2375	184 
2376	59 80 178 186 272 285 
2377	316 
2378	25 94 143 214 227 275 
2379	67 102 131 162 224 248 
2380	13 17 93 181 244 306 
2381	62 116 192 201 265 329 
2382	279 
2383	330 
2384	131 192 237 274 276 291 
2385	41 51 75 212 239 322 
2386	189 215 225 226 247 310 
2387	3 87 100 183 245 315 
2388	35 53 145 150 313 319 
2389	65 128 186 233 251 324 
2390	99 
2391	199 
2392	251 
2393	104 264 269 306 330 332 
2394	46 62 96 103 214 273 
2395	222 
2396	15 36 107 231 248 270 
2397	23 36 90 101 220 226 
2398	279 
2399	50 
2400	49 
2401	64 71 116 248 250 275 
2402	79 104 162 170 211 264 
2403	111 
2404	209 
2405	140 
2406	285 
2407	211 
2408	69 
2409	9 87 109 141 184 249 
2410	11 58 80 108 170 304 
2411	93 
2412	256 
2413	53 106 149 181 261 279 
2414	12 127 145 188 236 250 
2415	183 
2416	35 
2417	189 
2418	53 102 113 160 165 262 
2419	14 
2420	32 49 106 119 233 248 
2421	42 69 71 102 142 216 
2422	108 153 159 206 274 319 
2423	238 
2424	189 
2425	315 
2426	41 164 186 201 246 271 
2427	103 115 211 222 261 297 
2428	5 
2429	107 
2430	17 27 33 38 158 261 
2431	68 
2432	3 40 42 95 204 287 
2433	151 
2434	17 24 129 243 246 287 
2435	12 132 221 237 297 306 
2436	279 
2437	32 60 105 199 220 223 
2438	29 46 71 103 201 259 
2439	55 81 172 275 296 310 
2440	2 46 122 145 287 312 
2441	30 192 201 244 247 328 
2442	66 87 90 179 268 306 
2443	305 
2444	59 61 114 146 222 254 
2445	43 
2446	177 
2447	287 
2448	171 
2449	182 
2450	41 95 142 160 180 244 
2451	64 
2452	2 64 180 188 212 293 
2453	297 
2454	31 
2455	84 
2456	161 
2457	10 60 72 85 88 112 
2458	6 22 84 179 200 215 
2459	238 
2460	87 100 138 260 263 273 
2461	93 115 140 148 188 313 
2462	10 128 160 188 276 330 
2463	39 57 100 124 211 267 
2464	203 
2465	11 98 179 191 283 305 
2466	86 162 198 250 274 309 
2467	23 
2468	57 
2469	115 
2470	192 
2471	94 127 144 274 297 327 
2472	70 140 160 226 232 275 
2473	94 
2474	311 
2475	35 37 75 112 146 286 
2476	186 
2477	51 
2478	19 26 142 183 186 305 
2479	124 
2480	10 50 102 129 195 259 
2481	124 
2482	69 179 225 233 272 281 
2483	226 
2484	166 
2485	208 
2486	90 174 209 273 279 309 
2487	6 147 170 254 276 324 
2488	131 
2489	97 
2490	46 50 125 239 250 306 
2491	160 196 203 226 236 321 
2492	88 167 203 209 239 252 
2493	70 109 124 224 268 302 
2494	10 17 29 204 219 226 
2495	85 
2496	293 
2497	68 
2498	9 30 92 172 246 274 
2499	150 
2500	57 86 134 234 295 313 
2501	34 90 122 212 248 308 
2502	319 
2503	75 
2504	27 51 116 136 189 214 
2505	54 
2506	105 
2507	195 
2508	180 
2509	38 64 70 135 239 292 
2510	330 
2511	68 103 112 190 223 279 
2512	276 
2513	229 
2514	268 
2515	157 
2516	129 183 187 204 244 319 
2517	45 100 157 233 266 273 
2518	42 105 144 185 290 317 
2519	118 178 251 304 330 332 
2520	275 
2521	231 
2522	21 108 127 202 242 298 
2523	105 
2524	85 90 172 214 307 328 
2525	48 115 124 144 185 186 
2526	52 75 125 126 201 215 
2527	13 87 97 123 235 266 
2528	178 
2529	214 
2530	18 42 153 217 223 282 
2531	87 
2532	59 
2533	70 124 179 181 254 303 
2534	12 
2535	305 
2536	140 
2537	126 136 185 246 304 321 
2538	143 
2539	103 139 168 233 246 311 
2540	157 168 186 199 251 301 
2541	5 60 236 238 268 329 
2542	29 32 86 122 136 315 
2543	159 
2544	326 
2545	82 104 138 250 307 311 
2546	183 
2547	59 103 136 137 248 328 
2548	19 52 144 183 192 198 
2549	131 138 141 183 258 309 
2550	24 26 228 235 265 319 
2551	5 28 73 124 177 262 
2552	177 
2553	54 67 100 122 286 320 
2554	41 187 238 250 287 308 
2555	286 
2556	198 202 220 277 313 323 
2557	298 
2558	40 72 145 160 236 262 
2559	14 84 187 203 208 291 
2560	51 
2561	13 
2562	92 178 181 217 314 328 
2563	294 
2564	27 52 56 91 166 185 
2565	6 107 149 231 260 271 
2566	114 149 242 274 287 328 
2567	98 
2568	270 
2569	24 34 149 193 200 286 
2570	74 
2571	35 109 126 187 267 306 
2572	29 
2573	36 63 152 198 293 316 
2574	263 
2575	73 
2576	80 
2577	2 138 225 238 285 304 
2578	13 56 57 145 164 295 
2579	17 52 100 101 110 209 
2580	94 
2581	186 
2582	84 
2583	36 49 101 236 266 294 
2584	41 80 153 162 208 213 
2585	27 59 98 100 120 137 
2586	140 
2587	227 
2588	283 
2589	153 
2590	217 
2591	275 
2592	34 186 244 251 255 268 
2593	61 90 170 177 179 279 
2594	6 8 31 187 257 302 
2595	209 
2596	54 
2597	41 80 145 192 291 308 
2598	24 89 164 179 200 297 
2599	29 70 113 183 222 250 
2600	52 
2601	48 
2602	22 65 76 129 142 241 
2603	297 
2604	10 54 74 232 243 266 
2605	192 
2606	136 
2607	9 60 86 151 157 279 
2608	72 156 176 265 293 301 
2609	144 
2610	52 115 158 186 210 300 
2611	17 126 137 151 265 274 
2612	274 
2613	240 
2614	25 32 51 149 192 278 
2615	21 
2616	35 100 136 162 186 191 
2617	129 149 154 227 255 302 
2618	12 
2619	275 
2620	303 
2621	14 41 56 147 206 329 
2622	70 128 139 151 177 178 
2623	69 97 236 275 286 295 
2624	326 
2625	296 
2626	194 
2627	101 121 131 156 231 321 
2628	179 
2629	96 116 169 227 260 275 
2630	100 
2631	223 
2632	46 92 114 122 226 298 
2633	2 100 145 169 180 235 
2634	147 
2635	41 112 186 190 193 264 
2636	104 140 187 233 250 251 
2637	44 69 101 108 294 325 
2638	149 
2639	10 85 139 182 297 325 
2640	9 40 53 103 220 324 
2641	321 
2642	282 
2643	112 117 118 154 177 260 
2644	142 
2645	169 
2646	277 
2647	287 
2648	33 53 97 122 170 186 
2649	328 
2650	153 187 195 228 291 293 
2651	172 
2652	64 
2653	112 216 232 261 271 297 
2654	128 139 156 222 233 321 
2655	100 
2656	168 
2657	6 145 152 183 286 326 
2658	81 115 185 228 252 270 
2659	34 37 70 106 139 142 
2660	194 
2661	174 
2662	9 87 134 189 215 298 
2663	243 
2664	177 
2665	61 
2666	207 
2667	279 
2668	267 
2669	13 26 249 273 302 318 
2670	23 133 171 217 271 317 
2671	86 
2672	26 61 62 125 246 259 
2673	214 
2674	10 57 59 115 288 310 
2675	263 
2676	162 
2677	116 121 180 183 251 314 
2678	104 209 243 267 273 279 
2679	69 108 139 204 256 278 
2680	5 57 192 221 253 255 
2681	14 43 204 289 324 327 
2682	188 
2683	84 136 156 174 233 246 
2684	10 29 34 241 246 295 
2685	90 93 102 186 233 245 
2686	25 38 43 139 289 296 
2687	92 
2688	151 
2689	68 
2690	270 
2691	283 
2692	143 179 225 270 281 306 
2693	43 163 263 301 307 330 
2694	68 86 180 192 315 324 
2695	58 60 90 101 198 295 
2696	47 110 121 129 178 236 
2697	273 
2698	34 70 232 244 277 310 
2699	46 
2700	32 87 178 221 270 272 
2701	156 157 165 186 254 298 
2702	52 156 164 244 251 327 
2703	153 
2704	201 209 210 247 266 284 
2705	142 149 187 194 306 314 
2706	43 143 193 232 241 297 
2707	17 49 79 138 182 274 
2708	222 
2709	112 
2710	50 
2711	66 144 167 213 265 282 
2712	41 61 113 122 194 237 
2713	65 77 106 226 263 327 
2714	125 
2715	24 140 174 198 299 310 
2716	162 
2717	158 
2718	5 123 129 134 222 250 
2719	80 137 185 251 276 285 
2720	271 
2721	9 39 58 150 261 270 
2722	140 177 198 202 250 310 
2723	2 29 113 120 221 289 
2724	85 144 183 256 293 324 
2725	11 82 87 143 248 304 
2726	207 
2727	38 
2728	48 
2729	15 122 171 265 267 273 
2730	172 
2731	29 44 73 75 100 275 
2732	14 29 60 126 140 210 
2733	18 46 169 258 296 325 
2734	39 
2735	206 
2736	140 
2737	12 
2738	33 
2739	150 
2740	61 86 92 95 105 173 
2741	128 
2742	177 
2743	250 
2744	332 
2745	177 
2746	58 61 125 239 241 271 
2747	165 188 214 233 272 300 
2748	280 
2749	60 87 157 221 288 332 
2750	128 
2751	142 
2752	32 42 197 205 238 252 
2753	41 157 215 265 289 304 
2754	28 35 71 114 187 239 
2755	329 
2756	110 
2757	140 
2758	9 99 139 260 285 314 
2759	170 
2760	190 
2761	170 174 176 261 310 320 
2762	254 
2763	132 
2764	146 203 267 273 286 297 
2765	32 
2766	10 
2767	159 
2768	120 
2769	30 37 101 177 200 275 
2770	14 23 63 224 240 328 
2771	11 125 156 164 165 287 
2772	192 
2773	17 48 69 145 246 329 
2774	31 42 60 138 237 240 
2775	82 130 149 174 233 296 
2776	260 
2777	58 
2778	41 
2779	115 
2780	56 111 261 309 323 326 
2781	32 45 46 181 268 327 
2782	177 
2783	109 
2784	13 
2785	3 74 80 81 184 234 
2786	277 
2787	80 92 194 205 276 281 
2788	262 
2789	15 35 139 149 242 261 
2790	250 
2791	74 114 169 184 222 245 
2792	136 
2793	236 
2794	297 
2795	91 109 139 193 224 230 
2796	47 122 207 267 310 313 
2797	19 172 205 231 283 313 
2798	198 
2799	153 
2800	13 153 199 202 244 310 
2801	15 
2802	67 121 131 151 163 263 
2803	18 198 209 275 279 325 
2804	144 
2805	153 
2806	1 
2807	237 
2808	90 
2809	15 61 110 164 264 301 
2810	111 
2811	61 115 173 251 327 332 
2812	16 21 26 232 268 301 
2813	65 
2814	38 
2815	96 
2816	270 
2817	185 
2818	241 
2819	22 
2820	310 
2821	58 75 85 177 233 277 
2822	7 83 126 220 245 293 
2823	24 124 200 206 212 315 
2824	283 
2825	95 133 171 235 251 267 
2826	33 72 87 100 138 232 
2827	181 
2828	129 
2829	29 76 88 246 284 299 
2830	330 
2831	329 
2832	204 
2833	7 14 43 70 128 139 
2834	186 
2835	10 101 116 131 239 331 
2836	9 112 125 153 184 310 
2837	29 79 174 190 203 323 
2838	23 43 105 142 186 223 
2839	129 
2840	275 
2841	29 
2842	19 27 46 90 168 246 
2843	35 93 173 215 268 299 
2844	106 124 170 246 321 326 
2845	13 157 178 197 237 282 
2846	73 
2847	90 
2848	60 
2849	178 
2850	33 49 79 124 170 252 
2851	202 
2852	104 109 142 153 160 244 
2853	240 
2854	6 67 166 215 244 270 
2855	74 82 103 123 194 260 
2856	125 
2857	14 17 35 267 314 323 
2858	69 139 141 266 274 327 
2859	191 
2860	44 48 113 222 263 327 
2861	5 6 38 172 174 183 
2862	307 
2863	281 
2864	149 
2865	47 80 130 226 283 319 
2866	32 
2867	150 
2868	244 
2869	309 
2870	161 
2871	206 
2872	1 35 111 123 178 230 
2873	220 
2874	29 70 140 210 227 237 
2875	41 121 122 165 183 254 
2876	326 
2877	87 101 132 248 317 324 
2878	52 80 102 249 277 316 
2879	92 93 155 169 288 306 
2880	271 
2881	262 
2882	129 139 208 239 298 303 
2883	69 72 78 147 233 328 
2884	265 
2885	32 46 60 115 174 209 
2886	124 
2887	29 
2888	191 
2889	239 
2890	60 104 209 239 242 309 
2891	101 
2892	37 93 184 217 300 321 
2893	114 198 251 266 270 285 
2894	190 
2895	43 72 92 178 205 250 
2896	51 
2897	60 72 178 184 267 299 
2898	166 196 204 256 266 297 
2899	25 100 136 197 209 295 
2900	17 22 114 125 156 218 
2901	147 
2902	90 135 160 201 274 311 
2903	5 46 47 215 310 326 
2904	60 199 200 268 282 330 
2905	214 
2906	165 169 173 208 248 260 
2907	240 
2908	37 114 170 197 271 327 
2909	59 122 145 159 206 219 
2910	6 40 55 160 272 313 
2911	222 
2912	114 174 175 188 275 306 
2913	87 
2914	112 
2915	102 
2916	52 85 136 147 152 223 
2917	68 139 252 260 316 319 
2918	80 147 175 241 251 329 
2919	229 
2920	16 25 125 159 214 244 
2921	262 
2922	226 
2923	243 
2924	27 79 145 192 207 235 
2925	59 153 180 193 289 306 
2926	81 115 184 195 266 279 
2927	130 142 143 147 256 291 
2928	110 163 233 234 320 332 
2929	96 
2930	21 61 92 153 241 272 
2931	107 
2932	52 81 111 120 275 300 
2933	243 
2934	29 35 47 204 205 222 
2935	70 159 222 227 229 244 
2936	86 87 152 170 266 275 
2937	13 
2938	163 178 236 237 242 306 
2939	46 143 146 222 223 261 
2940	29 157 186 194 214 268 
2941	60 63 99 112 295 310 
2942	231 
2943	46 
2944	112 
2945	14 29 46 125 184 273 
2946	14 
2947	2 8 69 140 200 265 
2948	100 
2949	39 104 182 185 199 262 
2950	115 
2951	177 
2952	177 
2953	225 
2954	23 66 112 150 292 326 
2955	139 
2956	41 74 141 157 183 261 
2957	194 
2958	89 
2959	114 170 189 219 253 273 
2960	10 19 61 88 151 267 
2961	150 197 228 254 268 299 
2962	10 58 139 177 183 236 
2963	29 
2964	75 
2965	75 
2966	38 
2967	3 35 100 113 138 293 
2968	5 122 180 182 204 211 
2969	50 103 121 150 260 281 
2970	41 44 78 273 330 332 
2971	330 
2972	27 35 183 247 287 317 
2973	202 
2974	64 
2975	266 
2976	300 
2977	60 122 135 137 225 327 
2978	242 
2979	25 
2980	52 
2981	29 95 204 227 267 332 
2982	14 26 69 272 279 287 
2983	8 77 158 218 255 301 
2984	58 88 94 100 145 299 
2985	41 155 168 171 172 260 
2986	1 111 147 261 302 316 
2987	11 40 74 100 125 258 
2988	12 153 196 225 242 269 
2989	4 33 52 209 285 291 
2990	221 
2991	313 
2992	34 51 112 149 255 270 
2993	13 46 130 172 237 304 
2994	140 160 162 233 325 332 
2995	266 
2996	10 46 124 125 228 251 
2997	38 50 68 122 205 213 
2998	136 
2999	29 35 69 95 165 221 
3000	59 73 110 192 204 268 
3001	140 
3002	37 95 122 128 271 282 
3003	100 
3004	40 139 203 204 212 301 
3005	189 194 209 287 295 317 
3006	27 
3007	14 30 87 136 153 209 
3008	317 
3009	300 
3010	66 99 109 178 236 331 
3011	306 
3012	198 
3013	10 85 105 122 149 304 
3014	1 66 108 165 190 228 
3015	308 
3016	69 85 105 187 287 297 
3017	254 
3018	11 63 169 188 196 273 
3019	14 19 105 115 121 178 
3020	100 
3021	71 92 105 280 320 325 
3022	35 
3023	35 
3024	13 114 162 167 173 222 
3025	90 163 173 251 259 265 
3026	157 
3027	10 12 33 44 76 188 
3028	149 
3029	50 58 103 268 278 330 
3030	143 
3031	33 111 146 161 269 322 
3032	283 
3033	29 124 190 199 263 279 
3034	61 79 118 174 295 318 
3035	86 112 113 171 233 236 
3036	109 192 198 232 262 266 
3037	66 113 185 186 219 275 
3038	324 
3039	214 
3040	203 
3041	192 
3042	288 
3043	8 40 97 253 260 277 
3044	201 221 225 237 274 319 
3045	142 185 286 314 318 332 
3046	16 59 171 204 300 317 
3047	11 35 40 48 60 174 
3048	95 
3049	262 
3050	30 40 114 233 295 308 
3051	198 
3052	3 23 109 170 265 321 
3053	17 118 182 232 239 304 
3054	130 177 232 270 305 306 
3055	27 66 74 108 261 274 
3056	51 53 59 209 272 316 
3057	67 111 223 258 289 301 
3058	10 29 198 239 241 275 
3059	316 
3060	90 
3061	32 
3062	13 60 102 211 233 299 
3063	235 
3064	36 115 147 163 194 251 
3065	96 
3066	86 169 246 253 286 317 
3067	85 
3068	8 
3069	142 169 173 184 281 292 
3070	10 90 110 192 194 317 
3071	265 
3072	11 153 187 189 197 265 
3073	20 110 155 189 223 242 
3074	212 
3075	183 215 229 244 250 263 
3076	98 
3077	27 74 93 102 103 199 
3078	194 
3079	125 137 183 200 272 310 
3080	48 
3081	265 
3082	102 132 184 192 242 270 
3083	71 75 181 187 195 232 
3084	23 105 189 260 279 317 
3085	69 87 94 205 223 282 
3086	187 
3087	34 40 87 154 187 195 
3088	170 
3089	102 140 193 229 246 274 
3090	129 
3091	45 46 175 204 246 283 
3092	269 
3093	41 
3094	149 
3095	86 95 102 199 326 330 
3096	114 147 158 187 198 221 
3097	12 34 74 100 183 230 
3098	51 65 79 260 288 317 
3099	204 
3100	33 
3101	24 53 189 231 319 324 
3102	155 188 246 261 317 324 
3103	186 
3104	23 
3105	4 
3106	235 
3107	50 59 72 142 241 260 
3108	56 105 225 272 282 324 
3109	305 
3110	257 
3111	254 
3112	44 67 283 286 300 328 
3113	46 64 74 97 144 285 
3114	190 
3115	287 
3116	2 60 104 115 152 230 
3117	43 
3118	5 134 169 204 207 261 
3119	119 176 209 223 267 311 
3120	251 
3121	60 87 95 139 213 244 
3122	10 67 84 123 236 295 
3123	255 
3124	10 50 66 69 159 220 
3125	109 192 199 201 223 246 
3126	150 
3127	108 132 212 261 266 330 
3128	32 75 138 140 162 233 
3129	24 111 134 220 267 270 
3130	95 
3131	11 17 71 98 129 136 
3132	125 147 246 286 288 327 
3133	46 67 154 183 188 194 
3134	205 
3135	105 106 121 138 144 249 
3136	185 
3137	271 
3138	1 12 40 133 265 281 
3139	115 
3140	52 103 123 125 233 312 
3141	9 32 180 254 323 326 
3142	9 
3143	33 72 84 91 297 322 
3144	30 32 60 72 211 274 
3145	177 
3146	174 
3147	286 
3148	270 
3149	102 129 152 179 237 244 
3150	147 
3151	31 66 183 196 211 222 
3152	220 
3153	34 101 114 183 250 274 
3154	2 35 51 80 165 317 
3155	129 211 238 265 274 313 
3156	23 61 169 221 289 293 
3157	68 205 208 232 236 330 
3158	22 44 90 268 300 324 
3159	223 
3160	17 30 32 99 130 218 
3161	72 
3162	101 
3163	53 109 111 185 196 259 
3164	32 66 90 157 250 268 
3165	54 154 186 212 273 283 
3166	102 
3167	190 
3168	6 14 95 122 140 177 
3169	16 35 46 155 214 291 
3170	15 110 132 136 266 281 
3171	157 
3172	262 
3173	32 40 95 110 135 265 
3174	219 
3175	60 100 119 150 219 274 
3176	29 40 107 164 201 266 
3177	188 217 225 232 233 264 
3178	24 79 90 135 217 228 
3179	7 18 30 186 242 325 
3180	157 
3181	5 16 157 158 221 310 
3182	90 
3183	200 
3184	70 96 145 150 244 331 
3185	110 
3186	6 22 59 104 183 321 
3187	37 
3188	86 124 170 185 250 327 
3189	12 75 118 139 195 284 
3190	31 90 236 261 298 329 
3191	4 60 67 193 287 320 
3192	62 114 156 172 224 271 
3193	5 24 95 163 177 310 
3194	6 10 64 72 234 274 
3195	18 150 266 275 288 291 
3196	52 61 233 246 248 319 
3197	24 52 167 265 274 282 
3198	124 267 285 309 321 329 
3199	179 260 275 284 296 331 
3200	132 
3201	78 92 95 139 185 325 
3202	46 229 235 244 275 317 
3203	165 
3204	40 44 81 175 244 266 
3205	32 180 222 225 262 286 
3206	54 74 90 234 265 267 
3207	40 
3208	88 172 233 253 297 317 
3209	27 
3210	55 170 176 220 254 312 
3211	122 125 187 297 307 310 
3212	61 
3213	157 
3214	29 57 95 171 212 324 
3215	70 99 113 150 198 272 
3216	263 
3217	304 
3218	180 
3219	34 
3220	12 95 215 276 288 322 
3221	253 
3222	87 
3223	279 
3224	90 94 124 153 187 215 
3225	100 
3226	3 30 94 142 273 319 
3227	35 103 133 160 222 265 
3228	242 
3229	256 
3230	3 17 28 29 39 186 
3231	80 
3232	327 
3233	61 
3234	13 14 45 148 213 303 
3235	35 130 192 279 299 308 
3236	34 40 160 276 287 327 
3237	188 
3238	1 129 160 175 200 223 
3239	153 
3240	97 98 213 275 277 279 
3241	178 
3242	236 
3243	204 
3244	41 81 146 237 286 314 
3245	90 177 190 203 273 281 
3246	260 
3247	121 
3248	299 
3249	16 178 196 249 259 262 
3250	7 41 113 143 182 310 
3251	143 
3252	144 
3253	276 
3254	101 
3255	4 68 178 183 263 303 
3256	247 
3257	33 133 144 194 229 275 
3258	16 103 205 226 241 274 
3259	138 
3260	71 94 110 129 226 267 
3261	184 
3262	13 17 39 109 296 301 
3263	61 85 98 308 316 325 
3264	39 71 214 219 318 330 
3265	134 
3266	87 110 122 207 211 250 
3267	105 192 194 221 298 327 
3268	267 
3269	93 135 147 201 250 261 
3270	11 
3271	1 54 90 168 252 285 
3272	26 119 175 186 207 323 
3273	6 60 243 279 323 326 
3274	276 
3275	32 116 130 246 251 327 
3276	71 
3277	42 
3278	17 105 158 203 318 322 
3279	86 161 170 196 274 321 
3280	115 
3281	257 
3282	18 53 92 133 154 249 
3283	189 
3284	108 
3285	288 
3286	29 48 94 148 158 182 
3287	192 
3288	115 
3289	17 23 90 149 160 164 
3290	261 
3291	12 74 123 160 211 311 
3292	75 131 194 237 244 248 
3293	40 
3294	20 90 158 182 257 260 
3295	227 
3296	309 
3297	6 107 109 147 227 257 
3298	188 
3299	157 
3300	10 60 110 183 200 243 
3301	272 
3302	23 68 103 204 212 244 
3303	100 103 185 236 301 326 
3304	34 145 159 179 236 254 
3305	47 50 104 180 189 192 
3306	12 160 172 247 261 298 
3307	205 
3308	157 
3309	40 77 159 183 209 297 
3310	9 89 153 260 267 299 
3311	239 
3312	203 
3313	72 95 114 187 268 286 
3314	32 62 86 164 203 284 
3315	48 
3316	219 
3317	194 216 254 287 304 309 
3318	65 
3319	12 32 235 287 307 309 
3320	11 30 38 60 209 326 
3321	65 
3322	185 
3323	55 83 153 197 223 251 
3324	3 74 78 87 171 265 
3325	295 
3326	32 35 48 126 149 172 
3327	331 
3328	22 108 203 208 261 301 
3329	3 22 60 110 248 304 
3330	270 
3331	270 
3332	46 144 149 211 251 274 
3333	32 
3334	311 
3335	41 
3336	86 142 144 233 274 317 
3337	255 
3338	61 
3339	24 74 156 240 281 321 
3340	18 59 72 100 130 310 
3341	35 
3342	33 51 68 74 101 286 
3343	152 
3344	47 97 107 136 239 296 
3345	247 
3346	264 
3347	136 
3348	23 
3349	311 
3350	66 96 215 235 260 312 
3351	130 
3352	61 92 121 137 165 183 
3353	17 196 235 247 264 268 
3354	285 
3355	42 139 155 164 198 258 
3356	21 103 184 195 209 223 
3357	177 
3358	157 
3359	32 37 198 229 283 286 
3360	9 87 129 174 283 293 
3361	120 164 233 263 278 287 
3362	7 
3363	90 
3364	10 53 59 60 140 204 
3365	29 41 66 92 251 290 
3366	122 
3367	89 159 162 195 208 226 
3368	23 220 233 244 261 269 
3369	142 
3370	277 
3371	17 60 75 110 215 232 
3372	35 
3373	3 37 50 132 261 268 
3374	159 
3375	7 85 221 237 292 319 
3376	54 164 266 271 273 293 
3377	236 
3378	69 
3379	72 
3380	41 104 192 198 223 244 
3381	29 70 191 271 285 328 
3382	49 64 94 117 147 295 
3383	29 
3384	10 42 124 202 237 244 
3385	38 40 68 140 157 207 
3386	17 23 32 36 72 192 
3387	184 
3388	220 
3389	40 77 148 149 243 313 
3390	153 
3391	140 
3392	115 
3393	66 
3394	32 51 58 110 211 277 
3395	159 
3396	184 
3397	110 191 193 233 250 310 
3398	219 
3399	45 148 150 221 304 311 
3400	37 41 108 122 261 296 
3401	51 64 215 245 270 326 
3402	227 
3403	296 
3404	46 64 68 94 216 251 
3405	139 
3406	29 35 39 100 119 274 
3407	45 235 262 263 286 331 
3408	194 
3409	136 
3410	129 
3411	60 109 118 206 240 250 
3412	286 
3413	32 67 169 212 256 260 
3414	330 
3415	194 
3416	18 83 178 188 272 277 
3417	186 190 194 220 232 267 
3418	9 109 233 236 244 251 
3419	95 
3420	90 
3421	17 89 162 183 231 298 
3422	25 
3423	11 
3424	80 233 234 264 267 316 
3425	125 
3426	232 
3427	90 153 189 231 251 271 
3428	43 89 129 139 166 277 
3429	3 5 10 114 132 237 
3430	39 
3431	86 116 189 206 208 289 
3432	261 
3433	56 
3434	25 35 94 102 169 192 
3435	34 
3436	206 
3437	12 53 110 163 309 326 
3438	270 
3439	23 42 237 246 270 328 
3440	157 
3441	98 112 122 257 284 306 
3442	72 
3443	85 
3444	108 
3445	64 93 115 275 288 311 
3446	285 
3447	73 103 178 193 222 278 
3448	146 
3449	183 
3450	35 78 101 172 173 198 
3451	101 
3452	19 98 206 263 265 277 
3453	8 29 144 214 247 299 
3454	21 73 153 224 230 241 
3455	272 
3456	31 35 52 138 174 175 
3457	17 78 115 237 246 322 
3458	127 166 174 227 269 330 
3459	272 
3460	2 75 145 147 203 260 
3461	60 73 101 205 270 309 
3462	202 
3463	78 145 183 260 270 288 
3464	89 192 219 223 276 308 
3465	60 86 94 119 140 144 
3466	281 
3467	295 
3468	12 16 95 188 260 316 
3469	10 136 142 147 279 289 
3470	25 57 114 159 266 309 
3471	235 
3472	142 
3473	8 37 120 136 267 279 
3474	181 
3475	66 219 239 253 261 330 
3476	6 61 179 210 306 332 
3477	26 32 53 136 239 310 
3478	96 
3479	103 
3480	156 159 171 201 208 209 
3481	175 
3482	13 31 53 105 263 324 
3483	79 178 273 281 291 311 
3484	313 
3485	2 5 33 135 233 246 
3486	153 
3487	124 133 189 204 251 275 
3488	237 
3489	17 134 150 180 251 252 
3490	72 140 231 234 283 311 
3491	11 79 195 198 271 310 
3492	142 
3493	220 
3494	47 103 189 214 237 267 
3495	13 141 206 218 276 294 
3496	51 75 108 164 262 307 
3497	160 174 181 222 236 247 
3498	25 61 151 200 242 297 
3499	329 
3500	311 
3501	78 
3502	72 95 99 220 275 299 
3503	23 68 95 169 236 251 
3504	48 115 179 182 203 244 
3505	3 24 46 65 236 305 
3506	85 98 169 192 225 299 
3507	23 60 80 211 217 302 
3508	27 48 118 312 313 323 
3509	98 99 125 182 197 310 
3510	188 
3511	233 
3512	47 
3513	66 68 93 160 187 330 
3514	39 
3515	50 70 81 209 218 231 
3516	265 
3517	9 
3518	136 
3519	14 41 62 157 244 251 
3520	145 
3521	72 
3522	317 
3523	310 
3524	34 
3525	86 134 136 182 201 279 
3526	317 
3527	23 35 60 228 244 250 
3528	79 206 233 248 307 318 
3529	7 23 142 189 234 259 
3530	45 95 101 189 202 315 
3531	107 193 235 267 269 297 
3532	18 74 177 261 287 297 
3533	40 110 122 147 160 181 
3534	102 131 168 214 279 327 
3535	307 
3536	245 
3537	105 
3538	9 101 106 138 245 306 
3539	10 11 103 170 290 319 
3540	328 
3541	35 114 139 245 251 297 
3542	22 58 139 175 235 239 
3543	5 15 158 207 247 266 
3544	10 67 108 166 183 203 
3545	250 
3546	20 24 107 156 240 259 
3547	34 89 175 185 200 215 
3548	175 
3549	37 86 139 150 244 299 
3550	28 89 184 196 281 295 
3551	227 
3552	268 
3553	73 
3554	85 87 113 155 262 277 
3555	331 
3556	57 
3557	250 
3558	275 
3559	147 
3560	86 142 223 234 303 323 
3561	92 185 187 203 248 252 
3562	39 112 113 131 170 185 
3563	182 
3564	52 120 190 234 261 314 
3565	184 
3566	268 
3567	12 17 93 96 108 286 
3568	24 44 100 138 140 190 
3569	33 105 160 174 310 331 
3570	287 
3571	53 64 179 205 214 327 
3572	113 
3573	46 
3574	129 131 150 185 226 296 
3575	283 
3576	40 69 183 223 268 275 
3577	2 71 80 111 194 196 
3578	116 138 183 256 287 294 
3579	13 22 138 204 296 310 
3580	75 151 228 297 313 326 
3581	50 76 209 267 272 275 
3582	64 
3583	8 34 78 83 206 287 
3584	268 
3585	275 
3586	189 
3587	10 42 101 103 163 330 
3588	10 22 177 215 327 330 
3589	23 131 184 205 274 296 
3590	9 45 77 177 267 287 
3591	35 41 53 138 177 272 
3592	75 198 211 233 238 284 
3593	7 18 143 177 211 296 
3594	24 59 68 75 188 310 
3595	46 93 140 150 192 220 
3596	287 
3597	94 
3598	25 39 85 136 240 250 
3599	165 
3600	14 112 151 168 190 227 
3601	233 
3602	99 187 233 241 279 320 
3603	102 115 192 201 281 319 
3604	113 
3605	73 83 184 194 208 312 
3606	246 
3607	33 100 145 194 198 304 
3608	131 
3609	160 
3610	144 
3611	46 
3612	53 66 102 112 120 299 
3613	96 
3614	177 
3615	40 64 75 278 285 317 
3616	24 60 87 170 251 258 
3617	59 66 105 232 272 287 
3618	134 
3619	31 34 92 170 251 266 
3620	11 31 46 147 199 303 
3621	132 
3622	48 
3623	170 
3624	53 101 102 118 126 295 
3625	271 
3626	49 67 189 265 270 275 
3627	1 26 136 211 287 316 
3628	140 
3629	16 52 71 243 247 257 
3630	110 
3631	8 13 48 203 256 264 
3632	12 43 60 74 161 193 
3633	132 
3634	325 
3635	115 
3636	105 106 156 196 245 250 
3637	139 
3638	143 181 194 209 257 306 
3639	32 33 64 113 150 285 
3640	244 
3641	112 
3642	48 87 90 108 156 329 
3643	261 
3644	42 83 147 187 274 307 
3645	266 
3646	111 
3647	157 185 192 204 289 306 
3648	118 142 228 231 235 268 
3649	19 66 75 206 257 283 
3650	94 
3651	70 188 269 279 289 325 
3652	125 
3653	145 149 246 251 320 324 
3654	7 36 108 110 269 308 
3655	25 41 55 78 138 257 
3656	53 
3657	202 
3658	314 
3659	29 31 64 125 139 331 
3660	17 23 103 123 191 299 
3661	223 
3662	2 40 203 228 298 325 
3663	120 135 213 243 274 289 
3664	65 96 149 247 265 306 
3665	21 68 79 130 201 218 
3666	120 
3667	234 
3668	35 86 115 186 201 273 
3669	264 
3670	149 
3671	97 
3672	204 
3673	278 
3674	108 
3675	9 38 41 200 255 285 
3676	50 
3677	136 180 186 194 244 330 
3678	32 80 136 240 257 297 
3679	179 
3680	315 
3681	44 100 162 164 287 315 
3682	23 
3683	92 101 203 239 244 291 
3684	159 
3685	38 
3686	95 112 120 161 226 268 
3687	48 140 153 163 179 282 
3688	208 
3689	17 28 126 209 267 286 
3690	65 111 170 178 283 285 
3691	177 
3692	271 
3693	8 80 228 230 254 268 
3694	332 
3695	115 
3696	309 
3697	36 47 183 229 246 310 
3698	86 206 225 268 281 306 
3699	195 
3700	143 
3701	48 51 55 91 188 315 
3702	261 
3703	82 112 138 161 195 203 
3704	264 
3705	329 
3706	42 162 174 209 285 299 
3707	301 
3708	17 91 201 265 280 321 
3709	317 
3710	184 
3711	52 81 95 182 246 290 
3712	47 62 95 102 149 178 
3713	4 23 45 75 112 207 
3714	3 151 244 265 275 286 
3715	103 
3716	6 
3717	116 200 205 246 310 326 
3718	29 86 208 244 251 257 
3719	44 47 89 253 261 276 
3720	5 32 38 86 176 316 
3721	14 77 200 211 251 253 
3722	59 165 202 231 257 314 
3723	9 147 199 210 275 295 
3724	110 
3725	299 
3726	3 
3727	266 
3728	74 97 166 198 211 293 
3729	55 138 227 256 294 306 
3730	90 225 247 311 318 332 
3731	14 41 72 90 161 260 
3732	145 
3733	34 62 72 185 270 282 
3734	1 36 43 94 147 235 
3735	279 
3736	271 
3737	41 
3738	161 
3739	139 160 165 247 265 331 
3740	119 
3741	100 144 151 191 226 286 
3742	33 68 133 189 206 309 
3743	45 
3744	115 
3745	246 
3746	48 
3747	71 
3748	84 100 192 212 248 310 
3749	25 58 102 133 153 182 
3750	53 101 218 235 274 307 
3751	316 
3752	179 
3753	48 53 92 265 303 312 
3754	51 112 231 241 266 268 
3755	11 95 168 188 240 273 
3756	192 
3757	136 
3758	212 
3759	130 
3760	50 60 144 189 306 331 
3761	159 
3762	10 22 59 177 196 302 
3763	236 
3764	2 71 86 119 205 266 
3765	220 
3766	43 100 103 115 230 326 
3767	288 
3768	325 
3769	150 182 251 261 264 266 
3770	94 136 175 210 228 244 
3771	15 46 54 66 183 295 
3772	23 91 124 131 204 283 
3773	32 
3774	56 110 113 251 261 272 
3775	89 104 189 227 299 307 
3776	17 148 214 301 310 313 
3777	163 
3778	271 
3779	278 
3780	58 106 119 157 183 231 
3781	3 
3782	99 
3783	17 80 203 221 237 281 
3784	87 
3785	49 
3786	27 37 58 124 168 230 
3787	20 51 105 268 285 330 
3788	297 
3789	159 
3790	4 13 41 113 169 303 
3791	23 35 66 90 150 254 
3792	21 39 69 115 139 169 
3793	285 
3794	68 
3795	221 
3796	112 157 204 220 249 325 
3797	27 63 65 128 272 331 
3798	76 105 147 252 255 286 
3799	55 57 64 66 133 190 
3800	21 74 211 228 230 326 
3801	157 
3802	39 89 108 124 237 320 
3803	95 99 179 206 226 265 
3804	36 90 99 219 271 277 
3805	78 
3806	59 87 103 114 131 198 
3807	14 108 150 203 217 262 
3808	131 
3809	34 
3810	114 
3811	78 
3812	102 105 140 153 177 327 
3813	2 90 103 139 193 310 
3814	113 
3815	142 147 159 225 274 275 
3816	20 75 131 150 157 203 
3817	77 167 178 188 239 297 
3818	8 20 91 118 164 246 
3819	113 119 125 188 220 242 
3820	196 
3821	41 48 132 168 186 279 
3822	5 
3823	157 
3824	117 158 169 181 212 332 
3825	64 84 102 109 117 145 
3826	32 130 153 169 213 240 
3827	2 10 34 37 120 217 
3828	5 
3829	50 
3830	110 
3831	115 
3832	26 51 59 214 286 319 
3833	23 67 87 121 202 255 
3834	284 
3835	87 
3836	24 46 110 174 187 253 
3837	100 
3838	278 
3839	61 
3840	14 40 80 138 225 271 
3841	241 
3842	246 
3843	204 
3844	86 92 110 150 314 319 
3845	225 
3846	42 56 264 275 284 304 
3847	29 33 52 214 242 251 
3848	61 
3849	266 
3850	22 32 98 124 277 330 
3851	192 200 220 236 282 309 
3852	227 
3853	85 
3854	132 
3855	47 159 190 204 219 305 
3856	201 
3857	75 
3858	84 114 169 223 319 331 
3859	14 
3860	266 
3861	179 
3862	23 60 150 194 270 321 
3863	7 72 89 112 175 204 
3864	278 
3865	257 
3866	254 
3867	253 
3868	328 
3869	314 
3870	131 
3871	261 
3872	27 50 100 124 157 237 
3873	58 110 182 215 223 239 
3874	87 157 174 177 296 307 
3875	10 40 85 127 160 189 
3876	70 86 160 268 277 306 
3877	298 
3878	66 
3879	73 108 115 196 297 326 
3880	170 
3881	237 
3882	242 
3883	9 24 143 169 186 326 
3884	48 120 129 140 261 283 
3885	240 
3886	75 105 143 312 327 332 
3887	42 
3888	22 71 256 260 326 330 
3889	17 
3890	222 
3891	214 
3892	85 109 134 139 196 250 
3893	24 59 147 170 286 319 
3894	53 83 96 226 261 302 
3895	23 188 204 212 285 329 
3896	16 33 46 213 284 311 
3897	47 198 228 299 304 326 
3898	31 114 158 217 236 297 
3899	111 115 205 209 232 253 
3900	41 114 145 191 250 271 
3901	39 204 230 245 255 296 
3902	14 34 55 110 136 311 
3903	29 45 81 188 198 317 
3904	310 
3905	112 
3906	44 61 184 222 243 268 
3907	101 179 185 199 273 284 
3908	105 115 213 223 247 293 
3909	140 143 146 237 258 324 
3910	31 79 87 162 213 286 
3911	43 124 132 177 223 303 
3912	11 95 196 200 261 286 
3913	155 
3914	3 78 110 186 223 226 
3915	188 
3916	63 74 111 170 233 314 
3917	60 
3918	14 34 182 198 205 251 
3919	41 43 48 138 193 213 
3920	6 13 103 113 136 183 
3921	90 148 149 174 191 274 
3922	286 
3923	17 72 90 160 173 186 
3924	33 
3925	126 142 149 184 193 240 
3926	145 
3927	48 96 115 144 273 282 
3928	131 
3929	262 
3930	65 
3931	240 
3932	168 185 266 307 311 326 
3933	24 41 76 79 131 324 
3934	9 55 98 102 233 267 
3935	56 
3936	21 136 182 257 260 327 
3937	52 109 122 188 246 251 
3938	132 
3939	50 122 142 174 233 273 
3940	6 21 73 162 179 277 
3941	3 6 39 70 165 266 
3942	48 187 196 268 311 317 
3943	262 
3944	10 77 199 209 272 306 
3945	317 
3946	56 
3947	35 
3948	235 
3949	150 
3950	74 
3951	109 162 193 199 239 301 
3952	40 61 98 103 162 239 
3953	331 
3954	316 
3955	311 
3956	119 173 183 248 274 302 
3957	17 
3958	2 124 153 166 311 328 
3959	64 195 261 294 303 317 
3960	36 136 170 179 284 325 
3961	68 78 203 232 239 276 
3962	327 
3963	233 
3964	23 48 140 236 286 307 
3965	214 
3966	31 201 236 251 261 317 
3967	75 
3968	34 
3969	21 39 65 94 185 269 
3970	144 147 149 187 224 270 
3971	7 48 157 180 198 222 
3972	9 81 149 217 270 296 
3973	61 96 150 189 237 295 
3974	186 
3975	267 
3976	40 51 149 220 241 309 
3977	37 93 100 146 153 214 
3978	15 96 122 148 181 209 
3979	3 203 204 245 282 321 
3980	7 
3981	2 21 157 175 273 325 
3982	17 
3983	49 261 277 302 321 332 
3984	126 187 265 275 290 307 
3985	112 
3986	3 18 27 51 79 95 
3987	3 7 84 153 179 289 
3988	13 
3989	3 53 87 162 214 232 
3990	27 60 136 191 192 199 
3991	45 
3992	42 
3993	31 98 115 122 155 314 
3994	84 89 111 134 159 297 
3995	104 
3996	125 
3997	23 68 79 167 211 222 
3998	27 103 239 269 306 313 
3999	108 216 239 244 266 276 
4000	13 100 103 109 150 206 
4001	46 92 112 240 279 330 
4002	295 
4003	177 223 287 298 306 307 
4004	13 21 146 206 222 243 
4005	28 34 41 86 158 293 
4006	2 109 131 145 197 221 
4007	100 114 140 157 184 191 
4008	214 
4009	63 106 122 156 204 222 
4010	56 
4011	25 70 75 140 254 285 
4012	10 19 74 105 124 277 
4013	72 139 183 240 242 262 
4014	139 164 168 199 211 218 
4015	10 
4016	75 99 115 125 179 279 
4017	35 139 215 260 277 301 
4018	103 
4019	3 12 29 57 82 286 
4020	286 
4021	244 
4022	138 
4023	250 
4024	119 
4025	19 52 70 73 92 119 
4026	170 
4027	142 
4028	158 
4029	25 223 227 254 317 330 
4030	18 183 187 236 262 295 
4031	85 123 183 259 267 308 
4032	22 77 138 189 283 304 
4033	59 
4034	41 48 58 220 279 327 
4035	183 
4036	75 
4037	70 77 101 192 270 322 
4038	198 
4039	13 
4040	51 
4041	1 16 157 169 262 275 
4042	61 124 209 246 259 273 
4043	14 160 203 223 252 269 
4044	140 167 179 209 254 280 
4045	87 145 250 251 306 318 
4046	243 
4047	48 80 106 177 229 293 
4048	124 
4049	131 174 181 204 221 263 
4050	8 
4051	321 
4052	285 
4053	7 116 122 129 193 258 
4054	186 
4055	100 130 170 174 224 260 
4056	65 
4057	310 
4058	313 
4059	142 
4060	96 
4061	35 66 221 229 239 301 
4062	239 
4063	69 90 215 220 262 287 
4064	7 
4065	241 
4066	51 147 149 224 261 307 
4067	4 27 61 173 238 255 
4068	14 25 60 100 173 287 
4069	186 
4070	17 104 121 218 231 306 
4071	52 
4072	132 
4073	13 63 146 227 266 280 
4074	186 
4075	162 
4076	310 
4077	3 
4078	283 
4079	279 
4080	66 
4081	17 88 142 233 252 306 
4082	40 63 162 170 244 257 
4083	190 
4084	57 144 209 222 230 323 
4085	96 
4086	14 18 69 200 273 314 
4087	65 134 141 162 217 330 
4088	24 50 162 183 223 244 
4089	32 59 209 218 227 295 
4090	100 150 186 246 255 261 
4091	90 114 122 123 153 311 
4092	279 
4093	1 6 30 110 128 281 
4094	8 90 140 163 192 261 
4095	138 
4096	256 
4097	34 
4098	40 46 138 175 219 237 
4099	66 72 150 210 323 326 
4100	301 
4101	246 
4102	289 
4103	40 50 61 66 155 265 
4104	60 
4105	22 169 217 240 249 265 
4106	204 205 209 211 288 321 
4107	20 165 167 175 199 253 
4108	1 10 66 114 179 217 
4109	299 
4110	297 
4111	231 
4112	9 17 35 122 325 330 
4113	5 140 146 219 289 316 
4114	16 177 187 218 240 289 
4115	67 101 124 159 195 317 
4116	169 
4117	122 
4118	37 87 120 152 171 197 
4119	17 90 97 119 172 266 
4120	46 
4121	186 
4122	7 142 162 242 243 283 
4123	92 94 145 207 262 313 
4124	99 
4125	237 
4126	183 
4127	31 125 155 212 283 300 
4128	13 47 115 139 196 316 
4129	115 
4130	72 170 182 188 210 225 
4131	30 142 145 221 265 298 
4132	33 48 192 235 288 303 
4133	50 162 247 251 261 296 
4134	10 
4135	115 186 218 242 281 318 
4136	46 
4137	72 94 156 250 297 308 
4138	265 
4139	283 
4140	22 189 244 263 271 281 
4141	34 182 220 226 265 298 
4142	270 
4143	8 45 86 160 239 292 
4144	3 40 169 227 255 289 
4145	145 246 254 279 295 325 
4146	82 95 114 211 250 280 
4147	20 114 193 200 204 219 
4148	32 69 92 146 244 262 
4149	296 
4150	2 37 124 178 229 244 
4151	62 118 163 219 233 239 
4152	75 100 104 122 147 187 
4153	13 23 27 40 283 329 
4154	227 
4155	124 
4156	28 41 64 82 200 241 
4157	10 13 47 101 295 322 
4158	33 59 100 152 156 248 
4159	139 
4160	1 80 132 139 147 330 
4161	10 49 50 149 163 208 
4162	105 137 142 167 200 228 
4163	198 
4164	28 122 162 226 279 298 
4165	204 
4166	287 
4167	63 
4168	17 35 125 280 287 321 
4169	105 
4170	53 59 71 85 240 331 
4171	177 
4172	46 66 83 152 159 302 
4173	15 57 97 174 182 218 
4174	111 139 201 209 268 297 
4175	233 
4176	64 104 175 244 250 293 
4177	92 124 165 209 270 271 
4178	73 107 158 173 183 236 
4179	4 44 119 121 139 244 
4180	7 23 175 249 300 330 
4181	64 139 169 301 306 327 
4182	77 87 108 149 191 219 
4183	46 
4184	68 
4185	108 163 185 190 208 308 
4186	60 107 116 148 268 296 
4187	168 
4188	261 
4189	136 
4190	223 
4191	330 
4192	90 103 155 203 281 310 
4193	137 
4194	159 221 225 260 287 327 
4195	48 
4196	236 
4197	2 
4198	3 
4199	158 
4200	7 67 209 248 265 327 
4201	46 67 74 172 233 278 
4202	44 49 108 195 266 271 
4203	185 
4204	78 140 191 193 222 265 
4205	72 140 205 209 270 317 
4206	279 
4207	50 103 185 195 203 318 
4208	126 
4209	211 
4210	60 
4211	40 66 96 114 214 265 
4212	22 62 134 136 192 317 
4213	260 
4214	64 85 105 251 262 270 
4215	59 86 173 183 238 296 
4216	29 106 133 185 188 232 
4217	137 
4218	68 
4219	74 
4220	160 
4221	44 67 132 159 263 269 
4222	1 158 198 251 261 311 
4223	79 
4224	62 123 168 222 299 306 
4225	52 124 145 194 209 281 
4226	237 
4227	147 
4228	17 92 94 168 201 282 
4229	46 165 231 272 310 325 
4230	17 66 110 267 293 313 
4231	317 
4232	103 109 161 225 247 296 
4233	22 29 169 212 261 286 
4234	59 81 186 233 297 299 
4235	31 72 233 251 294 298 
4236	51 59 86 237 295 329 
4237	51 97 157 188 206 235 
4238	269 
4239	214 
4240	52 103 203 207 254 316 
4241	124 
4242	124 165 192 237 288 314 
4243	275 
4244	112 131 162 279 281 295 
4245	164 
4246	275 
4247	48 78 87 114 160 267 
4248	257 
4249	142 
4250	48 
4251	110 122 158 160 279 319 
4252	186 
4253	1 70 210 213 221 310 
4254	196 
4255	147 199 203 212 297 305 
4256	44 52 142 220 269 327 
4257	73 132 143 170 229 250 
4258	100 105 106 186 217 330 
4259	32 89 115 234 256 332 
4260	95 
4261	30 119 154 217 260 275 
4262	10 138 225 252 254 270 
4263	69 98 122 207 221 260 
4264	211 
4265	220 
4266	30 34 123 228 249 268 
4267	34 35 95 245 273 302 
4268	68 
4269	27 52 193 226 243 285 
4270	51 
4271	157 
4272	10 109 157 294 298 330 
4273	61 
4274	6 75 98 111 149 298 
4275	47 107 211 279 310 327 
4276	67 
4277	273 
4278	55 72 114 138 243 286 
4279	145 159 169 172 173 189 
4280	214 
4281	170 
4282	10 12 75 178 185 295 
4283	29 103 136 233 246 268 
4284	196 
4285	314 
4286	214 
4287	12 66 116 122 132 283 
4288	13 45 72 125 202 250 
4289	186 
4290	75 
4291	61 
4292	35 70 92 171 177 297 
4293	46 
4294	25 46 79 142 235 323 
4295	145 
4296	58 101 106 221 267 325 
4297	60 83 141 170 261 317 
4298	109 136 210 246 297 330 
4299	87 
4300	10 25 97 101 132 261 
4301	72 97 116 152 222 285 
4302	57 69 128 160 178 239 
4303	236 
4304	162 
4305	103 143 172 199 209 286 
4306	257 
4307	46 48 64 254 265 297 
4308	160 
4309	177 
4310	22 46 75 101 156 286 
4311	80 158 168 223 297 310 
4312	59 150 184 212 222 232 
4313	9 13 46 59 273 326 
4314	6 13 80 149 209 236 
4315	140 
4316	25 51 94 105 115 227 
4317	14 28 170 192 266 327 
4318	307 
4319	10 89 114 175 275 321 
4320	21 62 78 183 313 320 
4321	34 
4322	14 
4323	165 
4324	86 
4325	253 
4326	2 8 27 161 236 274 
4327	19 129 214 271 275 301 
4328	226 
4329	12 
4330	67 
4331	221 
4332	15 71 74 148 156 171 
4333	44 97 237 255 272 275 
4334	6 
4335	248 
4336	134 176 231 236 274 290 
4337	13 
4338	248 
4339	255 
4340	75 
4341	58 86 106 136 213 327 
4342	35 112 120 274 310 314 
4343	241 
4344	72 230 245 278 281 308 
4345	53 60 159 177 220 267 
4346	78 162 269 303 305 324 
4347	125 
4348	209 
4349	34 86 226 253 255 275 
4350	248 
4351	37 115 151 165 233 271 
4352	78 142 177 265 275 284 
4353	120 184 262 264 275 303 
4354	70 73 178 207 216 267 
4355	6 21 136 150 188 328 
4356	102 
4357	31 
4358	269 
4359	226 
4360	150 270 278 311 317 322 
4361	24 59 113 129 185 219 
4362	262 
4363	5 86 164 176 210 271 
4364	23 86 125 136 181 236 
4365	297 
4366	17 125 147 185 268 316 
4367	268 
4368	37 159 204 212 281 299 
4369	244 
4370	66 137 285 296 321 324 
4371	7 133 214 217 233 250 
4372	113 
4373	53 
4374	200 
4375	29 46 111 114 274 297 
4376	181 
4377	74 109 111 169 179 270 
4378	265 
4379	138 
4380	164 
4381	211 
4382	9 33 53 86 199 272 
4383	311 
4384	13 
4385	52 65 75 100 187 209 
4386	94 124 209 268 277 278 
4387	21 70 78 155 182 204 
4388	14 51 83 107 139 303 
4389	3 
4390	269 
4391	59 112 260 271 300 309 
4392	11 49 60 144 189 324 
4393	153 
4394	245 
4395	150 
4396	125 162 254 275 325 329 
4397	43 96 155 171 176 217 
4398	246 
4399	23 31 108 143 158 159 
4400	140 144 159 235 251 286 
4401	107 108 203 228 281 317 
4402	8 90 105 185 237 285 
4403	136 
4404	83 123 153 236 246 308 
4405	192 
4406	69 78 109 123 242 306 
4407	102 
4408	145 203 237 268 299 306 
4409	187 201 263 271 297 315 
4410	1 67 73 97 175 317 
4411	81 140 224 251 255 265 
4412	37 75 87 209 214 244 
4413	7 90 94 153 204 297 
4414	10 64 100 145 223 268 
4415	29 113 237 260 278 324 
4416	75 87 124 179 184 310 
4417	105 121 178 206 277 286 
4418	237 
4419	60 78 199 218 235 241 
4420	50 108 175 179 217 310 
4421	68 136 149 216 236 251 
4422	184 
4423	162 
4424	17 59 121 244 275 326 
4425	31 
4426	195 
4427	221 
4428	10 86 109 136 188 307 
4429	86 
4430	86 
4431	17 
4432	29 170 225 269 285 288 
4433	23 31 64 105 119 326 
4434	253 
4435	17 80 113 127 155 237 
4436	119 143 184 195 265 272 
4437	107 
4438	27 51 140 176 225 307 
4439	47 69 100 132 254 299 
4440	175 
4441	7 78 174 233 263 270 
4442	105 
4443	59 131 139 174 233 332 
4444	250 
4445	310 
4446	223 
4447	309 
4448	7 25 93 142 175 203 
4449	2 119 188 219 271 310 
4450	14 72 105 174 250 299 
4451	191 
4452	19 36 42 110 214 237 
4453	261 
4454	195 
4455	195 
4456	73 100 159 182 195 196 
4457	64 99 142 292 307 327 
4458	175 
4459	162 188 204 208 254 310 
4460	17 198 203 234 266 317 
4461	283 
4462	170 
4463	95 111 164 232 260 272 
4464	33 61 75 139 305 308 
4465	8 50 108 114 188 246 
4466	46 65 111 175 225 321 
4467	35 72 111 122 215 300 
4468	46 
4469	53 74 107 139 162 169 
4470	34 90 95 100 139 324 
4471	250 
4472	23 
4473	235 
4474	115 139 182 239 265 328 
4475	170 
4476	3 79 142 219 283 332 
4477	1 7 61 178 192 241 
4478	17 211 226 268 302 325 
4479	64 
4480	211 
4481	61 135 153 172 231 270 
4482	275 
4483	227 
4484	34 41 63 217 277 322 
4485	14 16 56 137 142 298 
4486	231 
4487	56 94 96 180 214 233 
4488	297 
4489	51 66 185 220 256 270 
4490	276 
4491	75 
4492	177 182 188 195 206 281 
4493	32 55 179 181 186 253 
4494	92 
4495	50 72 86 227 233 275 
4496	188 204 233 241 297 325 
4497	138 
4498	40 60 100 141 218 265 
4499	78 80 109 184 260 330 
4500	52 129 176 182 253 262 
4501	139 
4502	89 114 243 272 286 306 
4503	32 106 214 274 280 282 
4504	1 144 217 227 265 317 
4505	19 92 149 209 240 286 
4506	78 
4507	79 
4508	140 
4509	87 102 127 199 246 319 
4510	6 27 182 236 283 311 
4511	122 
4512	74 134 179 183 249 257 
4513	87 92 129 200 295 326 
4514	41 
4515	212 221 241 257 277 305 
4516	64 139 177 188 205 252 
4517	34 70 76 211 272 301 
4518	59 87 132 170 264 278 
4519	32 95 103 190 239 310 
4520	180 
4521	63 158 226 236 287 296 
4522	205 
4523	63 122 124 152 195 301 
4524	14 32 40 58 186 299 
4525	78 
4526	93 112 177 184 185 224 
4527	29 62 125 186 304 331 
4528	287 
4529	17 35 109 138 150 215 
4530	109 
4531	7 21 29 109 205 266 
4532	248 
4533	39 100 126 145 226 294 
4534	211 
4535	17 53 242 272 284 293 
4536	137 
4537	113 209 265 267 307 314 
4538	199 
4539	90 
4540	61 110 179 205 231 250 
4541	7 37 42 152 181 227 
4542	34 110 122 124 202 310 
4543	190 
4544	40 58 66 82 194 272 
4545	115 122 152 169 296 306 
4546	87 
4547	134 
4548	260 
4549	8 13 67 234 239 320 
4550	48 72 107 109 206 279 
4551	251 
4552	206 
4553	72 171 179 211 222 279 
4554	37 
4555	41 103 126 161 265 276 
4556	185 190 198 214 250 276 
4557	40 81 123 187 235 254 
4558	46 52 84 107 135 299 
4559	27 43 61 140 198 313 
4560	29 61 145 185 246 319 
4561	29 75 122 124 125 256 
4562	75 122 128 210 215 312 
4563	125 134 149 261 271 309 
4564	299 
4565	87 
4566	37 86 118 172 187 237 
4567	17 96 162 202 257 331 
4568	3 20 79 134 198 241 
4569	183 200 214 274 287 307 
4570	27 61 69 197 202 241 
4571	191 233 237 255 291 319 
4572	66 
4573	101 111 136 149 237 285 
4574	100 121 241 267 296 320 
4575	186 
4576	10 135 187 215 265 327 
4577	31 73 156 236 249 274 
4578	92 128 156 183 265 302 
4579	122 
4580	228 
4581	41 150 156 182 271 325 
4582	71 79 118 142 213 248 
4583	7 23 61 222 279 282 
4584	37 92 215 245 274 325 
4585	93 100 137 226 234 249 
4586	223 
4587	317 
4588	242 
4589	268 
4590	40 186 199 255 259 290 
4591	302 
4592	246 
4593	140 
4594	36 42 60 142 163 164 
4595	139 
4596	175 
4597	123 189 202 274 296 330 
4598	64 
4599	295 
4600	73 75 105 134 170 324 
4601	12 
4602	232 
4603	53 105 112 155 196 205 
4604	63 199 206 235 242 308 
4605	12 57 108 190 194 318 
4606	74 124 136 146 269 287 
4607	16 32 52 149 274 289 
4608	101 107 147 157 188 277 
4609	86 
4610	2 17 75 171 193 321 
4611	194 
4612	37 100 102 111 237 284 
4613	49 120 128 136 236 265 
4614	191 202 266 272 292 314 
4615	158 159 172 190 253 297 
4616	33 39 87 139 149 195 
4617	33 79 210 225 239 295 
4618	270 
4619	162 179 242 279 287 330 
4620	61 101 163 187 242 266 
4621	60 114 138 149 175 219 
4622	108 120 142 147 248 318 
4623	86 108 114 134 143 154 
4624	124 126 169 177 195 268 
4625	186 
4626	37 
4627	31 49 50 114 154 260 
4628	66 
4629	67 
4630	75 80 198 227 267 305 
4631	39 140 204 244 247 264 
4632	316 
4633	66 103 147 172 233 324 
4634	39 72 87 139 183 290 
4635	17 79 104 211 227 242 
4636	32 
4637	29 159 201 203 209 295 
4638	43 84 188 212 259 271 
4639	34 63 101 110 150 194 
4640	97 103 110 156 176 193 
4641	241 
4642	270 
4643	48 84 102 123 218 285 
4644	242 
4645	299 
4646	114 
4647	6 94 153 188 209 247 
4648	66 209 226 269 275 297 
4649	74 90 106 112 165 193 
4650	235 
4651	79 105 133 174 220 230 
4652	24 66 87 122 248 325 
4653	25 
4654	310 
4655	203 
4656	32 54 107 180 248 297 
4657	14 40 94 175 188 287 
4658	108 
4659	86 98 134 223 268 318 
4660	3 38 120 125 140 189 
4661	3 41 44 124 226 327 
4662	325 
4663	6 30 76 97 102 261 
4664	51 64 138 165 174 296 
4665	254 
4666	86 119 181 206 221 301 
4667	67 100 145 152 220 301 
4668	313 
4669	321 
4670	102 
4671	50 94 213 220 272 319 
4672	101 112 122 259 262 316 
4673	116 
4674	329 
4675	214 
4676	67 72 120 163 187 269 
4677	279 
4678	61 140 213 225 304 327 
4679	209 
4680	174 
4681	41 56 124 147 156 297 
4682	244 
4683	159 
4684	159 
4685	74 
4686	239 
4687	39 68 221 248 317 332 
4688	217 
4689	64 
4690	11 122 129 193 228 297 
4691	72 213 241 267 272 331 
4692	10 40 46 160 179 203 
4693	14 174 205 249 317 330 
4694	215 
4695	10 17 29 36 137 258 
4696	104 171 173 188 231 307 
4697	208 251 256 267 297 311 
4698	55 59 97 219 264 324 
4699	212 
4700	21 95 96 136 269 297 
4701	102 152 233 243 246 253 
4702	33 
4703	145 
4704	17 22 42 229 287 311 
4705	12 17 34 92 267 298 
4706	52 91 144 158 297 326 
4707	171 
4708	87 124 184 219 221 320 
4709	95 
4710	90 112 189 216 236 313 
4711	147 240 261 276 277 279 
4712	129 
4713	3 205 235 237 248 256 
4714	142 
4715	160 
4716	34 52 62 138 267 287 
4717	186 
4718	33 124 255 267 307 310 
4719	250 
4720	7 11 99 137 172 186 
4721	295 
4722	248 
4723	27 32 94 100 126 170 
4724	231 
4725	15 34 86 108 141 250 
4726	223 
4727	17 53 95 163 257 327 
4728	114 
4729	48 
4730	71 99 204 267 318 320 
4731	41 42 46 88 173 243 
4732	211 228 291 295 309 313 
4733	183 
4734	37 
4735	330 
4736	45 88 183 215 295 297 
4737	190 
4738	65 104 111 175 309 327 
4739	263 
4740	193 
4741	48 74 103 152 197 259 
4742	299 
4743	92 169 179 188 204 306 
4744	54 141 159 165 236 275 
4745	101 111 119 178 257 318 
4746	57 64 153 207 209 297 
4747	260 
4748	25 40 92 129 203 223 
4749	204 
4750	12 24 90 162 204 265 
4751	246 
4752	170 
4753	142 
4754	44 90 102 152 220 317 
4755	82 126 222 226 238 254 
4756	7 109 115 124 205 267 
4757	279 
4758	7 99 138 142 265 286 
4759	204 
4760	219 
4761	37 131 193 231 275 282 
4762	267 
4763	71 171 174 202 211 240 
4764	64 78 84 215 256 328 
4765	71 
4766	119 
4767	24 59 66 150 175 261 
4768	61 68 122 129 186 212 
4769	209 
4770	41 85 89 177 212 268 
4771	64 89 112 174 190 325 
4772	20 34 87 175 213 279 
4773	37 
4774	53 108 163 169 191 260 
4775	13 37 115 229 232 237 
4776	243 
4777	9 90 120 184 270 276 
4778	300 
4779	122 184 192 251 291 296 
4780	7 36 77 178 206 219 
4781	315 
4782	60 138 196 276 278 300 
4783	175 
4784	241 
4785	21 74 188 230 260 283 
4786	147 
4787	73 104 141 270 296 317 
4788	140 
4789	205 
4790	150 194 286 305 307 322 
4791	144 
4792	9 100 117 200 240 315 
4793	34 
4794	61 75 170 184 273 305 
4795	11 
4796	300 
4797	8 33 97 129 183 232 
4798	46 65 125 142 251 327 
4799	32 119 253 263 327 330 
4800	142 179 278 296 304 310 
4801	33 65 94 119 160 315 
4802	4 20 64 194 272 286 
4803	10 186 204 233 250 316 
4804	65 
4805	38 50 79 202 278 320 
4806	231 
4807	202 
4808	306 
4809	179 
4810	177 
4811	67 105 143 183 314 325 
4812	107 
4813	66 
4814	3 7 14 110 242 270 
4815	10 
4816	71 99 106 202 237 331 
4817	162 187 192 284 297 314 
4818	142 
4819	159 
4820	228 
4821	115 126 172 218 275 330 
4822	15 61 86 165 192 213 
4823	104 113 171 200 219 306 
4824	19 46 225 232 314 329 
4825	283 
4826	260 
4827	204 
4828	272 
4829	66 82 170 212 270 282 
4830	68 132 136 187 297 315 
4831	92 136 200 227 229 307 
4832	19 49 119 149 211 259 
4833	107 
4834	209 
4835	139 
4836	296 
4837	14 109 143 204 237 258 
4838	9 
4839	75 
4840	4 46 62 66 104 194 
4841	41 72 189 211 221 297 
4842	12 38 45 86 285 310 
4843	33 
4844	60 62 97 114 167 233 
4845	132 
4846	10 45 171 278 288 299 
4847	37 
4848	60 103 154 223 278 282 
4849	32 69 122 136 164 247 
4850	17 75 123 171 207 322 
4851	113 178 192 209 239 253 
4852	31 48 154 163 219 243 
4853	174 199 206 286 328 329 
4854	247 
4855	34 98 140 147 306 323 
4856	266 
4857	297 
4858	15 80 151 184 288 319 
4859	7 41 89 121 145 274 
4860	5 51 82 185 190 312 
4861	89 110 180 296 328 330 
4862	67 105 114 311 315 325 
4863	26 152 219 266 270 293 
4864	69 
4865	232 
4866	12 
4867	35 
4868	59 70 100 185 250 256 
4869	2 75 115 160 188 262 
4870	53 90 97 108 238 296 
4871	33 133 185 229 239 267 
4872	10 41 70 188 198 264 
4873	4 28 174 175 203 217 
4874	285 
4875	188 
4876	5 74 182 192 207 232 
4877	25 
4878	147 
4879	60 87 108 158 175 183 
4880	48 72 203 231 247 295 
4881	305 
4882	3 79 143 154 243 248 
4883	79 
4884	3 94 127 158 159 273 
4885	38 103 138 203 250 268 
4886	67 87 92 112 180 327 
4887	241 
4888	125 129 206 213 226 279 
4889	14 32 116 258 285 309 
4890	72 162 214 233 234 313 
4891	144 
4892	48 50 117 162 196 199 
4893	250 
4894	72 122 183 194 225 331 
4895	100 115 120 145 201 214 
4896	61 
4897	40 70 78 103 283 291 
4898	7 
4899	260 
4900	13 59 81 275 287 295 
4901	68 87 192 277 282 299 
4902	306 
4903	35 122 131 256 279 316 
4904	58 159 281 282 305 314 
4905	29 158 208 295 300 319 
4906	48 
4907	33 48 53 90 107 196 
4908	65 
4909	27 155 215 219 243 274 
4910	145 
4911	70 97 183 235 275 324 
4912	28 70 80 138 295 330 
4913	325 
4914	243 
4915	149 
4916	49 107 117 139 226 316 
4917	17 46 182 202 265 271 
4918	177 
4919	260 
4920	48 51 58 132 133 160 
4921	73 
4922	29 
4923	72 111 203 236 294 315 
4924	209 
4925	25 
4926	9 10 124 209 240 273 
4927	1 8 18 149 160 246 
4928	244 
4929	103 124 194 229 266 330 
4930	32 
4931	6 46 92 145 209 302 
4932	223 
4933	267 
4934	200 
4935	129 134 212 231 246 312 
4936	34 81 126 144 204 324 
4937	330 
4938	44 
4939	124 126 136 150 198 239 
4940	45 60 102 140 239 287 
4941	194 
4942	3 32 73 138 159 298 
4943	60 140 177 193 214 330 
4944	24 
4945	67 94 150 311 314 331 
4946	144 
4947	33 35 41 63 121 261 
4948	14 33 54 132 223 299 
4949	48 60 225 247 265 327 
4950	65 122 143 156 197 246 
4951	139 
4952	18 34 107 180 196 278 
4953	4 58 77 90 197 206 
4954	75 129 156 209 219 257 
4955	22 87 95 124 264 307 
4956	48 87 190 228 241 306 
4957	309 
4958	52 170 260 263 267 316 
4959	1 202 207 236 304 313 
4960	59 99 134 212 249 297 
4961	103 149 190 233 251 270 
4962	14 87 179 206 278 287 
4963	4 130 149 177 215 281 
4964	3 
4965	178 
4966	295 
4967	57 70 95 101 229 274 
4968	124 
4969	189 
4970	22 67 126 182 302 328 
4971	53 
4972	52 61 94 105 303 310 
4973	44 52 63 142 157 248 
4974	189 
4975	225 
4976	26 50 113 142 160 248 
4977	45 104 123 161 175 261 
4978	56 78 190 194 222 263 
4979	16 38 47 65 178 295 
4980	24 124 208 215 253 321 
4981	61 
4982	40 88 90 152 171 241 
4983	250 
4984	17 153 159 189 225 287 
4985	64 
4986	61 87 215 232 252 257 
4987	79 
4988	8 64 103 107 122 315 
4989	239 
4990	97 
4991	300 
4992	3 
4993	33 
4994	319 
4995	140 
4996	285 
4997	25 66 105 254 288 303 
4998	17 
4999	5 13 35 126 153 219 
5000	250 
