783 4625 4116 3736 4779 2991 4023 568 4921 4923 1344 3648 4293 3143 1736 4554 4434 4569 4827 4832 4965 4326 2406 1141 3963 2045 
1986 4517 4103 4585 2602 4907 4141 4846 48 402 308 4726 3638 4438 2137 186 3930 
2433 1410 4611 4104 4234 1679 784 1040 4115 1944 1304 4511 289 4780 2231 4920 2233 1466 1468 4541 319 4289 3527 1226 4299 4940 1996 1614 3278 4316 3169 4962 354 1505 867 871 2669 2671 3568 240 2164 2168 3707 381 4350 
1539 4357 646 2962 1042 1178 1074 1971 4928 1095 3534 1747 1364 2781 2403 1124 3685 2027 4461 365 249 2557 3327 
4740 1541 2310 4230 3716 2313 4879 4240 2326 4631 153 4762 1179 2718 3360 1701 2100 574 2626 965 4941 4447 3552 4961 995 2532 
3905 3138 4354 2213 326 4807 2312 1259 4268 1229 1292 1420 4816 4122 2043 3675 4733 4030 1727 
897 2305 4364 1685 1303 4769 3748 3623 4266 2986 3627 4523 3889 1076 1588 1336 449 2499 4424 4175 852 3157 4438 4951 3158 729 361 757 889 2938 2811 4348 
4768 3649 734 387 2113 369 4949 2325 3992 345 4698 2075 3099 3485 4125 2297 
482 4899 3556 4813 3213 2702 4784 4656 845 2739 1973 405 949 983 2745 250 4827 315 510 4446 
1952 1957 1222 1925 2380 1070 239 4881 2194 4146 4692 2612 2133 2070 4152 4472 1430 3643 1275 
3808 4641 4802 868 2630 4743 1958 647 426 1676 4013 1521 4371 471 4536 4761 1370 1083 1913 1947 
1665 4995 260 1285 4875 3218 4634 3741 4510 4513 1825 679 936 4009 683 1326 1454 4401 690 320 3777 838 70 71 719 4815 1363 1238 3033 223 2400 1636 1770 1137 3058 
2944 3841 4996 6 3335 143 3728 2577 2835 1302 2328 1180 801 3363 3624 686 4400 2740 4277 3509 4791 1204 3388 705 964 1093 4167 4040 2379 333 3674 2012 2141 2013 3038 1632 4967 1256 1383 4330 3178 4078 4989 
4479 1793 4610 3208 3470 4241 2963 918 4630 1946 2971 3996 540 4000 1186 3366 4909 2863 3504 1715 691 2359 3513 3003 4284 4031 2368 2624 4674 4944 1617 3409 2390 3543 1879 1241 4439 730 1376 3681 4453 4841 4972 1774 1390 3953 4091 4603 1407 
2560 3968 1162 3726 4243 1566 3488 4642 803 3876 935 1064 3753 1832 2860 4788 4411 65 4935 1224 4429 3023 1360 4437 731 4836 612 617 1131 1650 3826 2422 125 
2049 4482 1412 3206 648 3980 4374 1815 2585 282 1439 1569 3235 3491 4903 3115 2862 2095 2227 1462 2744 4922 4430 4818 2517 3676 4451 2659 3435 4716 1523 373 4856 1785 2685 3838 126 
4608 2180 4492 4368 4114 4501 2716 3868 3888 2736 4532 4929 3141 1609 4943 4565 4950 2266 2269 4191 3938 4579 103 4072 1405 2941 1662 
1281 3846 2056 3209 1805 660 21 4245 1940 3487 4134 4911 3383 3769 2106 4672 4678 4552 4168 2890 1737 3788 4045 721 3925 219 860 4573 3933 2399 1887 2784 3555 4465 2804 2549 1526 766 639 
1792 4481 2565 4231 4363 110 3727 1232 3062 2391 2458 285 542 
3456 4738 4484 774 1926 4872 3724 2576 4630 3991 2588 1953 4005 3365 423 1448 1575 3501 174 1200 1075 3253 1719 4156 1343 4291 4547 1220 2761 4427 2638 4047 4178 4947 3411 3413 3927 4824 4569 3290 4955 2783 4704 1890 485 1382 4971 1519 4467 3828 2677 502 247 4987 
1346 3434 2796 973 3281 3954 2069 3414 4347 3230 4766 
955 256 4844 4013 1711 336 3249 4562 850 4436 3579 4188 4285 3198 1436 
4480 4097 2690 2566 3848 788 1816 414 4389 1447 1717 2749 62 4932 1604 3782 464 338 1752 4573 1001 1262 4341 246 2165 3576 
3332 1030 1817 1054 1183 32 4897 3746 3361 2488 571 1859 3015 4820 4438 4569 1626 2777 4321 226 751 1651 2166 4601 4218 
1164 1165 3597 4752 2706 3479 4120 1175 4639 1057 4655 1461 4545 4930 474 4575 608 2017 2015 4843 3052 4333 1903 4083 4606 
99 3204 201 1515 562 3891 4564 117 1011 2584 1401 4090 3803 
1119 2529 1473 3231 4488 3240 4425 4332 1233 1202 4084 853 919 1279 
1568 3874 4610 645 4298 395 4842 4942 4496 1456 3986 4562 1168 4821 1745 1682 728 2873 3255 3965 1375 
480 3490 2178 2629 1670 4519 4648 2156 4782 3951 4080 1299 3733 4758 601 27 3677 
549 1127 4654 2510 2419 4532 2389 2645 4728 280 2877 4062 
4192 3713 1153 1760 1120 894 1511 3496 457 4520 2701 4849 2289 4948 2964 1878 726 4505 4410 3518 1086 
417 4258 2595 2372 4647 616 4842 2124 3982 1234 2514 662 887 4189 2174 2623 
258 1155 4869 1931 4893 157 2093 2870 1338 3772 4161 2883 2500 3012 713 3280 3541 3415 599 4060 351 2149 109 4590 3583 
3972 2244 4964 1480 4617 234 1516 4558 1936 4116 4597 3284 3478 824 2456 697 3037 4734 4446 
4483 3396 2917 2727 2385 2483 4886 1143 1529 2906 3034 1499 1657 3262 
4612 262 4618 522 3342 146 148 4630 665 4643 2606 1340 4926 704 4937 4043 1228 79 2644 989 3040 2530 227 3044 3045 1773 3832 4859 636 2943 
385 1409 131 4491 1809 277 4651 2219 4530 2621 3908 4554 2382 3791 3164 4573 1130 4077 2029 4593 628 4219 
4484 4615 2698 4108 3215 912 4755 3860 4759 535 2463 4383 1191 4519 3897 4799 4941 718 4562 4695 1495 4571 2908 2278 490 4715 236 2679 4735 
3075 4745 3594 2060 3225 1699 4771 805 3494 1590 1207 4792 3130 2365 3136 3137 3018 4172 3152 4835 2152 3567 1265 884 2680 4217 1402 
4066 611 1929 4393 2153 4685 3822 3760 3761 4657 661 2809 409 857 3135 
1283 1924 1669 4998 3857 2068 1688 669 3745 3749 2471 40 3113 4010 3374 2738 1718 695 4408 1209 2625 578 4290 3915 3669 1372 2397 4958 3165 3682 4707 1896 3695 4337 4595 1399 3834 
4224 4032 1218 3651 2052 896 2598 31 2120 1608 4394 643 4018 1235 4884 694 567 1848 2201 1434 4959 
4448 2945 3074 3397 4870 614 3880 4776 2377 905 394 1998 1135 911 1045 3226 3326 
4288 4486 488 3977 4778 3371 1577 3185 597 4022 4538 4794 1595 2333 4191 
1731 133 1895 3692 3182 1678 1138 4500 1109 3318 4441 2234 2489 4249 4285 
2308 2185 1046 539 1822 2849 1323 950 3767 1212 828 4933 3532 4304 2260 215 1117 225 2274 3432 2162 
519 4744 264 1932 2836 3349 2838 3864 1432 410 4387 676 3621 4263 43 177 2356 3132 4169 1866 3535 2257 1619 2134 598 2533 4460 2030 2159 1268 116 4983 3319 2681 3962 4475 1659 4605 1790 
4609 3595 3085 15 1171 1176 2586 2210 2467 2338 4391 4136 3247 2996 4661 2999 1724 1230 3537 4469 885 
832 674 3427 3844 581 3875 197 2412 3948 4048 1808 1332 4246 3351 4473 1594 
4993 3842 1156 4492 3475 3359 1441 4003 4388 3239 2855 2343 812 959 2495 3654 1734 210 469 4827 3937 353 3561 4974 2543 1006 3443 1270 633 1149 
3584 4877 3214 1550 1437 1192 555 1324 3506 1592 1596 4669 2383 1487 4819 355 1638 1769 2933 3189 
4106 3340 1549 404 1048 546 933 4774 1062 3241 4906 3884 4020 4155 192 1090 841 3548 4957 356 1380 4713 3050 4462 1140 1910 3063 4602 254 3199 
4065 3426 3394 33 293 3617 584 4811 3309 687 3472 4145 3892 85 4184 4345 826 3323 668 2974 
2696 2190 4630 4634 2715 2078 1950 419 1828 4133 2220 4402 1720 3641 4797 4801 1347 4294 3665 4693 1882 1118 4454 2541 4211 2932 2035 634 895 
517 4749 16 1686 406 156 161 2084 4389 2859 815 4914 819 312 2112 4416 454 3910 4039 3912 3658 2635 587 4554 2511 596 981 1237 4183 2136 4697 1756 2272 4711 4840 4969 1258 3181 4207 1014 4732 2302 
4576 580 4455 2155 2223 3217 84 3316 4343 2424 1533 4670 1246 
865 4580 2437 4459 975 4272 209 1106 3701 1813 4279 4024 4253 2526 
1185 4164 4581 134 778 2315 3564 1901 3502 1071 3756 3027 149 3703 2361 
4577 3207 135 4809 2697 2348 1294 1199 724 1877 2647 4440 3191 3416 923 
1414 1927 3081 2063 2192 2322 4630 4247 4504 1307 28 3232 4644 4905 4011 3118 1710 1712 2353 3764 696 1980 2373 2118 2631 1225 3529 4687 1872 3289 4954 4699 2786 3304 1002 3693 4848 1649 2802 1395 2936 3067 3068 2173 
4832 386 4419 4549 2632 3914 75 1836 4554 2992 4209 242 4311 4055 1561 443 4956 607 
4992 2436 2438 903 3088 2451 4002 2730 1066 3630 4142 3634 4916 2102 2874 830 4162 1602 4293 2123 1742 3285 86 4827 4574 2655 4452 2795 243 3572 2292 4982 
2110 191 162 1506 3274 2667 2636 2570 2766 2509 4753 3350 1850 188 3293 2460 3775 
1282 2691 4099 4997 4873 4747 4497 1301 2198 1306 2076 2334 4639 1951 1704 2984 1194 171 3637 313 198 4305 2641 3287 2520 858 1884 1629 4831 1509 3557 101 4845 879 1013 4219 
2176 1572 4805 1766 4583 3053 3245 207 2255 2769 3378 3153 814 4662 2550 2423 1978 4827 637 3421 2461 
1154 3108 4645 4646 1190 4712 4362 523 2347 2733 943 3345 979 4468 4853 4819 377 3611 508 
1600 930 4742 3622 4904 872 2505 3243 4105 4139 1639 689 1618 3059 2675 4630 2167 1497 4444 3901 
1923 3077 3978 650 4110 4624 1170 3219 1172 2324 4118 3097 3866 412 1308 4255 4896 2080 4772 2725 2086 4137 3373 4910 4270 2225 2995 4293 3145 3786 4301 213 2263 4313 3422 1889 1891 997 3563 2924 1646 2031 4464 2929 241 3441 4854 375 
960 2816 1570 1315 4679 2346 3436 301 1905 2163 2902 3544 2648 1531 
36 1483 4236 654 4367 4144 435 1556 2803 1876 3127 2362 
4613 1033 4746 781 4366 4634 3999 4898 4913 49 4280 827 4283 4931 4163 3652 3913 586 4819 1749 3032 1112 2910 2912 3809 96 3560 4725 2684 2686 
1280 4737 2562 1026 1289 4622 2703 3216 3731 4372 1692 4637 681 3505 2484 4793 3899 2492 66 3017 1227 4051 3155 4825 2651 3815 2794 
512 3047 4519 554 1005 4014 430 3668 3830 1022 
1184 4385 2627 4261 1478 615 2569 2858 3917 4592 1489 1396 3125 2516 4599 4471 473 3960 3449 
2304 3969 2832 276 533 3480 2459 4894 4126 4515 310 2105 4796 1981 3134 4414 2878 4287 63 1219 1345 4682 1738 2772 3417 4069 4070 3689 1641 496 2547 1524 4094 
1663 1284 3080 2579 4628 3990 158 677 2982 4524 1966 563 1331 2620 317 3522 4166 971 2000 2513 337 2393 4570 3678 2271 3550 4708 4710 743 620 881 1522 1908 3317 3190 1400 2810 2940 4863 
1058 4867 2468 4681 3212 3279 945 3379 2099 4856 4474 3995 4827 4859 4092 
3711 1408 4866 1157 2952 2186 13 1943 4379 4764 4892 3998 4767 3872 4123 2206 3237 3109 2853 2345 2476 2865 4786 1460 436 318 1862 2886 4295 2768 977 4822 3926 3031 3801 2273 1635 741 4326 4327 2920 4202 108 4205 2287 1779 1144 3448 1788 4095 
4256 1125 2726 3111 2827 1772 3311 2033 4700 
4484 3717 4999 3850 4878 4111 3474 147 3476 407 4632 545 3238 3368 4777 1450 47 1459 951 4027 2619 4925 829 1342 1854 450 3523 4806 2893 1485 3030 1242 604 2398 2656 4066 3684 3305 1008 4853 3064 3193 3833 3581 4222 2687 
2307 1288 779 1548 2958 272 3473 2837 2841 3482 4891 284 2975 2211 3625 2218 3755 4659 3124 2997 1851 4415 3520 3010 2376 4171 4939 4555 2898 1755 475 3553 1892 2918 2663 618 3051 1517 2161 1267 4980 1527 3706 2683 
514 3593 658 4135 1453 1327 1587 4550 3406 1871 2894 2642 4563 3286 4701 2405 3817 2283 4718 2799 3827 760 2044 3069 1276 
3845 2182 901 141 1426 3735 2336 4386 547 1581 1582 2352 1328 179 3636 2868 822 4919 1721 1856 1475 1861 837 4428 3405 2128 3807 2411 1389 2798 2418 4855 505 4860 
1152 3331 1027 2947 1413 5000 904 2446 3856 914 1177 4252 1567 4131 1703 4650 699 1863 968 74 459 1110 4567 4702 863 4318 4194 610 102 4334 3442 4979 3698 245 2294 4086 2428 3453 3324 1150 
3776 771 4808 1801 137 4683 3566 4338 4502 2518 792 3993 2559 
1122 4484 3591 2378 1645 4302 273 4723 1464 4665 537 4952 
2085 4614 711 2251 2421 2967 57 3228 478 
1028 2948 4356 2961 3601 2327 1431 4250 3234 2723 553 2096 2609 4658 3763 2481 1080 3384 3006 2501 330 2771 2264 1114 3932 4449 3425 2921 2672 4721 114 2429 
1668 2699 4876 4238 3222 1942 1440 929 2083 1576 4138 1835 3116 1965 2094 3370 3121 2098 4404 1844 1337 3387 3390 708 73 4938 2252 1102 468 4823 3673 4061 3039 864 4834 4837 3691 3821 3444 3447 2807 1786 1916 4604 
2434 3588 3082 2059 4630 4634 4516 678 4527 1455 1972 3894 4540 575 2496 2881 2370 966 3272 1993 1486 1743 4953 3418 4569 2146 2660 742 1640 873 4588 4589 1136 4216 1403 764 3837 511 
3339 2700 1298 411 2601 4781 4271 3887 4017 4021 4025 1977 1983 703 4936 3403 1611 77 3679 3940 2021 2279 1900 4206 4082 4596 3957 
129 513 3460 4358 3718 2183 4750 4494 2575 2065 3859 2711 2200 3610 4775 3628 1840 4273 1593 2363 4157 4927 576 4675 3395 3528 2504 1096 1103 4560 2386 1107 1880 4573 4190 606 2142 4585 746 4847 1904 1392 4978 3187 2928 1015 3195 1406 
4610 3337 4107 531 24 925 2208 673 1442 1968 434 3002 2239 2498 2628 2759 3404 4559 4442 4968 1134 4463 624 3956 2937 
3328 3715 4741 902 4233 1802 401 2719 4259 3364 1451 4396 941 3377 561 4149 3765 2256 470 3929 3802 4059 985 1116 2413 3825 4852 
1540 4229 4489 265 3083 4754 1684 4756 1050 30 3873 675 3236 4390 2475 1837 4912 2480 948 4790 3895 3515 4159 1994 4431 722 3794 1750 2905 4572 1886 4830 4326 4582 3694 2542 2670 1777 4851 4724 1397 2298 3452 3454 
2946 4490 3979 2444 1934 3988 4373 2582 20 2969 3357 4895 4384 4514 1188 2341 3879 1321 940 2990 4531 4281 187 577 3267 1221 72 3918 3025 4435 3667 4057 97 495 3184 2545 4594 2808 1532 
1601 4518 806 4464 3440 1652 3540 725 855 4859 4349 3902 
3521 3042 516 2693 775 3468 2028 4462 3955 1591 
4127 1214 4355 3013 1671 1513 817 4882 1044 3606 1494 3070 1151 
4546 3751 1512 3656 460 2861 557 590 1296 2036 1845 859 1438 
128 1029 649 2954 1547 1675 526 1939 3352 4634 4507 3484 3747 1318 2600 4265 4012 1325 1838 4529 3896 1081 3259 2748 3519 4038 4814 1999 2259 2903 347 2524 4324 3428 4456 1129 753 4981 2300 2813 
4833 2147 1348 1930 3660 1933 3598 3407 528 4466 947 4278 2872 3065 1820 3806 
3714 2051 2320 3602 4887 3103 1311 1059 166 3110 1969 180 309 4151 4795 3008 3650 712 2900 4310 4058 4827 348 3163 220 993 4578 2408 1768 3823 759 3705 4858 
4994 2311 1159 2073 1690 1819 3997 286 3367 1449 4522 1196 4528 4789 3381 56 3389 3903 1088 833 1476 3921 4562 3798 3799 1758 1761 3939 2536 1012 1784 4600 4730 4856 1661 
3458 1798 2061 4770 2596 2728 1584 4536 2360 2746 4673 205 346 93 94 4201 619 3179 4720 4209 1266 629 
3078 269 4627 791 2591 4904 3246 559 4016 4915 2615 2243 3524 2646 1369 3291 4446 224 4585 4850 4342 2039 4982 4089 1020 1278 4223 
4832 906 4237 2062 4722 499 4660 3603 2522 4381 
2309 2184 1036 3725 1422 913 530 2580 3093 4889 2970 3616 1313 4389 1705 2089 2988 560 433 3762 4147 50 4917 4279 4409 58 1082 1728 706 4803 1988 2755 4680 4425 1867 204 1359 4176 4432 2901 3931 1373 991 2401 2789 4070 2662 4199 1004 4973 4333 3180 4977 1906 3958 4087 4988 1021 
3392 3202 4037 2374 1797 2537 682 2765 2002 4019 4244 3156 4566 1367 4633 1691 1852 4191 
4227 3334 1417 3599 2960 3090 19 3220 3096 291 2597 2607 1607 839 2003 2649 2778 3036 4317 3423 2277 3313 244 1782 2296 4088 635 4861 4990 
3970 651 2317 400 2834 794 2972 3869 4636 294 4649 4525 2479 4275 2357 4407 4663 1975 4282 3645 4798 1982 4033 4296 2760 3146 4688 4561 4306 4691 732 2913 4709 2150 4976 3057 4210 3580 3710 
3338 789 3877 556 3251 440 2108 3391 64 321 4034 4676 2756 3273 4810 3787 4445 4191 3941 2026 362 3445 4214 1535 
3911 2604 4623 2640 1660 1757 1949 
1637 4325 3813 2661 3177 3142 4904 3500 3183 303 4433 3796 4344 3771 
4232 3466 2443 4880 2067 3092 1683 2966 2453 155 3100 3613 544 427 428 818 4535 1208 3900 2236 3266 3779 583 4170 4044 3661 2892 463 208 2270 862 2016 2793 2410 1648 1520 4470 2295 4986 4862 
4864 2563 3975 3592 2332 543 1695 3620 4392 3886 4526 2482 4150 3514 314 4160 2369 2882 4419 2884 1477 3525 1991 2753 1223 4929 4303 4946 1748 2138 4443 3299 4068 100 2787 1251 238 4336 2930 1269 2934 4478 
4226 3976 403 3604 3989 2195 4506 4634 4508 3497 4397 53 569 1211 190 2250 3659 3028 2780 4573 3167 3424 4063 4585 4081 1654 
3967 4871 907 3600 2071 1310 671 1312 4140 3890 4276 4405 2871 3257 4924 2109 3139 4421 1869 2895 2001 1620 1493 4054 3161 477 2909 3551 2404 2923 3438 3950 3824 3314 3835 4221 4607 
4736 2306 3203 4610 4485 1799 4620 1551 3344 271 4629 4119 4890 2847 1056 2464 2722 2599 1457 4787 441 444 3774 4426 332 218 4315 4319 4323 360 2927 1394 1907 4340 3700 
4101 2694 4498 4251 1700 4260 4006 1956 2989 813 3631 1714 946 2610 2107 4029 2240 3024 343 3166 2785 3686 1254 3430 2285 4857 2046 
4610 3492 2506 1613 4179 2515 2842 1627 3483 
4352 1666 4102 1161 4874 2188 3855 1811 3605 2337 4901 2729 3242 2092 3633 2611 4532 3893 2103 2750 962 972 76 3664 3026 2265 2267 3296 2018 2275 996 229 2022 4071 2790 1765 4586 1132 880 1010 2806 4985 767 
776 2314 3471 4495 4242 3863 2712 4377 3994 2462 164 3757 2869 3009 2639 1231 4945 2132 2135 3420 609 1379 4195 3811 4587 2539 4203 2926 1391 4719 4339 758 3831 4729 3450 2554 
2145 4739 2019 1253 261 263 1544 4653 3503 2704 3507 3510 54 698 1631 
4705 2407 2442 4619 1356 4079 2224 2993 3282 4403 18 150 3575 3928 920 2170 4380 1853 
3330 2822 2826 396 2829 2323 4117 1558 921 2721 1954 1187 4900 2605 4148 4532 3258 2494 1479 3784 3531 3670 2139 3810 4963 3172 2915 998 2919 750 2034 4215 2427 509 2303 
4096 3459 268 2189 4109 2707 3609 3612 4124 2465 2594 2090 3883 2616 2490 4154 4667 3642 2747 4544 68 4934 2887 1865 844 2258 984 4826 3942 4200 3049 491 4591 1658 4093 
4353 2371 4036 4326 3306 3819 3626 3759 2193 497 1361 1300 3256 538 3227 4542 
3201 3302 3719 3048 3729 2709 3582 
520 2955 4621 1807 2710 2329 2335 4257 807 1706 2474 2734 1330 3122 4668 456 3401 3147 4686 2129 81 1751 4828 3297 3949 3952 4219 892 2430 
2856 107 3382 2143 
4100 900 4359 4487 2064 4370 1941 4509 2846 2077 4512 3618 1320 1197 2867 2230 3000 1985 4418 961 3653 2375 2503 4297 461 3919 1615 3536 2643 4193 3300 869 2792 1384 3569 4984 1528 
4196 230 1928 2217 3657 745 2414 1744 3288 4026 2042 
3264 199 4232 1260 4557 1902 2801 1073 3862 3768 2617 2555 
3680 836 3752 4585 4554 302 3312 849 3095 3321 1274 4731 2653 
2048 1089 770 1796 2889 1003 3795 1429 4537 3229 
640 4865 2175 1542 3079 3210 4499 3477 3870 2590 3743 4521 1707 300 3885 4143 438 3128 59 2878 3904 2114 1603 4420 4165 3781 4551 588 2521 4829 3936 4966 4584 4331 3570 2041 2171 3836 380 4351 
4868 3973 3462 2187 3985 3348 2965 1560 4129 34 1827 2857 4918 1976 4413 4286 1858 1987 1092 3526 2763 3666 3672 3545 4832 3168 1378 3431 2024 744 2535 3947 4204 2160 2544 4083 2299 383 
3072 3205 2949 139 1935 2321 4883 154 4763 3871 932 3493 2469 3754 2351 2487 3512 4543 963 2119 3271 3399 4041 2764 3276 4053 214 1111 4696 3162 3035 2911 4064 3041 4322 4197 3814 2797 2157 4975 630 118 252 
3586 3589 773 2568 3852 3596 2316 4751 3987 4757 3608 1305 2717 3101 4773 38 3629 4785 2994 1970 2228 2229 3640 2752 4804 2246 3783 4042 4556 2508 4690 3924 1113 3292 2922 4970 749 877 3439 1007 1525 3574 1398 3709 
2 2567 1031 1674 4112 4626 2450 4760 1433 3098 2331 2840 2845 2330 2720 416 2339 1195 2349 1329 4666 2235 4285 4671 4035 1733 3533 4817 4307 4182 4568 91 1374 3935 4074 1514 1263 1789 
1984 127 4130 4067 4328 2573 4493 1937 1823 
3847 4365 1552 17 2708 4375 3353 4382 2976 4902 4264 3112 169 3372 2350 688 2741 2232 3898 3516 3644 323 67 4677 2122 1739 3149 3663 4180 3412 4314 4187 2011 3558 2666 4076 3437 3571 2291 3829 2293 632 3192 3196 4477 2301 
3489 3298 4548 2668 2574 3793 275 4085 2968 1754 4412 
4417 2117 3465 3723 4300 2540 4853 3573 1589 2040 3737 4346 856 2589 3615 
2820 3463 4616 8 1293 525 3983 2831 4113 2196 2072 1948 4765 4254 4262 1967 3380 3766 3639 3385 442 4800 3393 3269 582 3148 3021 3662 1874 4308 2773 2775 2392 1883 1244 4703 4960 2657 4838 4839 870 2791 4075 3565 367 2674 3315 4212 2038 
4320 2757 3722 3084 4717 4173 655 1068 2956 2226 2931 3797 1559 3160 3867 3739 3517 
2079 3071 994 1220 2054 518 4457 1482 1579 3341 3375 3250 3538 3126 4056 4153 4664 2618 2238 3358 
2074 3547 2004 2006 3687 
382 2402 483 2249 3818 1803 3402 432 4369 2998 3094 2525 605 3005 
4098 3971 2824 3467 2581 2091 3907 3270 4046 3920 3923 1628 3816 2025 3690 3946 374 1273 1018 3964 4220 
3233 3106 4771 1989 4008 3945 1290 2603 4908 3851 3464 2735 3336 3697 334 3347 211 3029 4213 3614 1055 
1857 2497 3587 2665 1833 3211 1804 3882 2158 4239 78 1039 3408 1428 4888 3320 2205 3007 
3171 1898 3066 3740 
1763 2066 1787 
2688 2692 3849 2571 4748 524 2705 274 2455 4638 4004 2216 4783 3248 306 1463 954 3909 3785 2767 3922 4694 4186 3804 2151 3944 4073 3688 876 4079 2805 507 4991 
4378 3244 3878 2111 
2280 937 1259 2957 4049 882 2776 3961 185 2203 1918 
2818 3343 3858 2578 1052 3744 1696 3632 2864 4274 4406 1341 1470 4812 1997 2767 4689 4181 3671 2010 4072 3433 1128 2288 2935 4727 
2817 98 1349 87 3004 2876 
2850 3011 3173 4684 2925 3123 4438 3260 2879 
927 2689 2821 391 4553 4395 1741 3055 3984 4208 659 3861 3221 1173 4312 924 3646 3263 
3106 4292 357 709 2916 2724 4458 1034 3277 4177 2037 3254 4635 
3154 2614 3194 541 
3780 1510 3303 1740 2737 3732 3354 1530 3356 4158 
4225 2050 3333 4360 2825 4885 4376 4121 3865 25 2844 4640 2081 160 4132 2985 4399 2097 2358 4534 2381 3789 4309 2774 3800 3546 479 1633 3554 2914 228 4198 1642 4598 888 4476 3325 3708 
2856 2409 3307 
2181 1286 2823 270 4248 3481 2973 3362 2214 2731 811 4269 3499 3635 4533 1847 3001 4539 4423 1353 591 3539 3934 4706 3683 4335 2169 891 2431 
4222 4285 3054 4174 
1843 1421 2758 
1393 2009 3486 
3329 4361 4503 664 2204 3742 550 1961 4267 4652 4398 1839 2485 1846 1213 2880 4422 3410 2387 2007 2904 4185 2907 2652 3805 4450 4714 2538 3699 1656 3451 
